starting setpoint thread... 
initializing imu... 

dsm Calibration File Doesn't Exist Yet
Run calibrate_dsm example to create one
Using default values for now
initializing controller...
initializing motors...
Initializing: PWM
motors initialized...
resetting encoders...
initializing odometry...
enabling motors...
attaching imu interupt...
we are running!!!...
-0.013769
-0.010892
-0.008088
-0.005245
-0.002358
0.000385
0.003115
0.005778
0.008377
0.010764
0.013377
0.016201
0.019594
0.022561
0.025143
0.028130
0.029945
0.032119
0.034196
0.036709
0.039546
0.042391
0.045081
0.047922
0.050810
0.053490
0.055929
0.058272
0.060453
0.062457
0.064414
0.066725
0.069034
0.071407
0.074000
0.076317
0.078609
0.080660
0.082633
0.084613
0.086531
0.088503
0.090738
0.092985
0.095121
0.097361
0.099512
0.101568
0.103451
0.105388
0.107213
0.109125
0.111162
0.113003
0.115188
0.117215
0.119337
0.121641
0.123577
0.125638
0.128132
0.129790
0.132046
0.134283
0.136372
0.138543
0.140420
0.142217
0.143502
0.144944
0.146104
0.147128
0.148189
0.149025
0.150665
0.152534
0.154212
0.156018
0.157904
0.159745
0.161578
0.162818
0.164243
0.165577
0.167287
0.168668
0.171077
0.174054
0.176193
0.178588
0.180301
0.181768
0.182903
0.183811
0.184231
0.185533
0.186283
0.187360
0.188352
0.189831
0.191636
0.193580
0.195627
0.197795
0.200133
0.201274
0.204094
0.206024
0.207921
0.209684
0.211086
0.211954
0.213022
0.213640
0.213836
0.214119
0.214574
0.215201
0.216942
0.217952
0.219726
0.220896
0.223721
0.226588
0.228727
0.230653
0.232101
0.233095
0.233793
0.234069
0.234029
0.234075
0.234454
0.234555
0.235351
0.236445
0.237994
0.238518
0.240820
0.242435
0.244655
0.246459
0.247710
0.248689
0.249361
0.249523
0.249802
0.250030
0.250080
0.250335
0.250751
0.251432
0.252557
0.253789
0.255331
0.256659
0.259172
0.260966
0.262720
0.264113
0.264961
0.265201
0.265491
0.265646
0.265285
0.264977
0.265308
0.265521
0.265565
0.266696
0.267202
0.268902
0.270789
0.272782
0.274143
0.275819
0.276921
0.277178
0.276967
0.277500
0.277062
0.276783
0.276869
0.277173
0.277087
0.277542
0.278155
0.279486
0.280263
0.282648
0.284071
0.285299
0.286473
0.286896
0.287042
0.287479
0.286834
0.286511
0.286395
0.286584
0.287146
0.287543
0.288691
0.289689
0.291491
0.293409
0.295068
0.296162
0.297136
0.298053
0.298386
0.297933
0.298225
0.298242
0.297611
0.297427
0.297818
0.297834
0.297936
0.297699
0.298990
0.300071
0.302121
0.303316
0.304312
0.305225
0.305809
0.305721
0.305613
0.305637
0.305347
0.304941
0.304899
0.305206
0.306263
0.307754
0.307792
0.309087
0.311126
0.312642
0.313884
0.314830
0.315633
0.315640
0.315462
0.315838
0.315643
0.315421
0.315039
0.315094
0.315576
0.316409
0.316046
0.317420
0.318549
0.319777
0.320765
0.321382
0.322001
0.322310
0.322119
0.321623
0.321188
0.321208
0.320825
0.320742
0.321136
0.321585
0.320866
0.320907
0.322044
0.322700
0.324264
0.325099
0.325900
0.326416
0.326440
0.326098
0.325905
0.325187
0.324678
0.324345
0.324479
0.324654
0.324882
0.324903
0.325080
0.327240
0.329274
0.330012
0.330623
0.331358
0.331523
0.331421
0.330866
0.330088
0.329572
0.329003
0.328671
0.328862
0.329668
0.330201
0.330713
0.332392
0.334226
0.335136
0.336022
0.336636
0.337132
0.337170
0.337299
0.336277
0.335723
0.335255
0.334630
0.334608
0.335117
0.334529
0.334924
0.335144
0.336825
0.338758
0.339408
0.340025
0.340560
0.340504
0.340220
0.339843
0.338832
0.338374
0.337657
0.337418
0.337263
0.337796
0.336600
0.337971
0.338865
0.340566
0.341990
0.342850
0.343414
0.343726
0.343679
0.342954
0.342483
0.341405
0.340844
0.340389
0.339961
0.340589
0.340565
0.340531
0.341193
0.343030
0.344209
0.345224
0.346065
0.346350
0.346418
0.346316
0.345548
0.344657
0.344059
0.343556
0.342916
0.343180
0.343841
0.343263
0.344057
0.344010
0.346037
0.347053
0.347599
0.347807
0.347929
0.347822
0.347159
0.346162
0.345619
0.345195
0.344780
0.344641
0.344723
0.344718
0.344753
0.345836
0.346808
0.348048
0.348743
0.348929
0.349186
0.349089
0.348017
0.347245
0.346626
0.346119
0.345800
0.345414
0.345401
0.345438
0.346216
0.346843
0.348277
0.349585
0.350688
0.351296
0.351378
0.351153
0.350837
0.350178
0.349600
0.349079
0.348731
0.348166
0.347993
0.348558
0.349878
0.349980
0.350757
0.352524
0.353122
0.353707
0.354033
0.354020
0.353792
0.353675
0.353033
0.352200
0.351781
0.351184
0.351435
0.351991
0.352075
0.353154
0.352664
0.354661
0.355588
0.356277
0.356589
0.356536
0.356313
0.355943
0.354926
0.354515
0.353956
0.353392
0.353217
0.353310
0.354134
0.353683
0.354505
0.354631
0.356477
0.357327
0.357616
0.357789
0.357711
0.357287
0.356813
0.356664
0.356157
0.355717
0.355332
0.355183
0.355442
0.356063
0.356112
0.356890
0.357948
0.358710
0.359496
0.359814
0.359851
0.359594
0.359161
0.358278
0.357662
0.357273
0.356834
0.356450
0.356850
0.356094
0.356292
0.356600
0.358208
0.360386
0.360839
0.361009
0.361060
0.361000
0.360609
0.359555
0.358958
0.358405
0.357821
0.357345
0.357633
0.358274
0.358847
0.359138
0.359445
0.360822
0.361907
0.362207
0.362296
0.362445
0.362109
0.362036
0.361407
0.360750
0.360188
0.359766
0.359804
0.360088
0.359656
0.359183
0.359204
0.360275
0.362339
0.362991
0.363382
0.363634
0.363439
0.362682
0.362536
0.361854
0.361284
0.360663
0.360365
0.359996
0.360480
0.359990
0.360902
0.361741
0.362779
0.363366
0.363975
0.364368
0.364298
0.363938
0.363465
0.362606
0.361834
0.361350
0.360748
0.360701
0.361211
0.361110
0.360537
0.361578
0.362899
0.363908
0.364748
0.364878
0.364938
0.364809
0.364366
0.363101
0.362883
0.362210
0.361413
0.361363
0.361380
0.361087
0.361297
0.361810
0.363258
0.364537
0.364839
0.365110
0.365476
0.365358
0.364825
0.364447
0.363572
0.362852
0.362145
0.361719
0.361002
0.360983
0.360281
0.360405
0.360998
0.362388
0.363275
0.363816
0.364113
0.364330
0.364046
0.363694
0.363572
0.362391
0.362162
0.361570
0.361157
0.361215
0.361153
0.361714
0.361945
0.363429
0.364518
0.365594
0.366233
0.366445
0.366440
0.366089
0.365503
0.364379
0.363554
0.362778
0.362079
0.362060
0.362595
0.362958
0.362736
0.363373
0.365343
0.366187
0.367088
0.367322
0.367435
0.366939
0.366377
0.365229
0.364313
0.363511
0.362811
0.362230
0.361661
0.361604
0.361948
0.362363
0.363707
0.365128
0.365725
0.366210
0.366374
0.366047
0.365616
0.364552
0.363781
0.362867
0.362373
0.361809
0.361944
0.362579
0.362942
0.363001
0.363624
0.365293
0.366354
0.366801
0.366876
0.366741
0.366386
0.365598
0.364374
0.363492
0.363019
0.362394
0.362159
0.361252
0.362027
0.361762
0.362575
0.363841
0.364818
0.365571
0.365757
0.365622
0.365369
0.364489
0.363816
0.363238
0.362698
0.362147
0.361930
0.362390
0.361932
0.362634
0.362603
0.363853
0.365293
0.366043
0.366075
0.365934
0.365412
0.364429
0.363270
0.362240
0.361090
0.360210
0.360430
0.360572
0.361680
0.362759
0.364478
0.367726
0.370607
0.373382
0.375700
0.378017
0.379792
0.381056
0.381832
0.381846
0.380844
0.379510
0.378414
0.376826
0.375855
0.374438
0.373153
0.372749
0.373595
0.375167
0.375774
0.376445
0.376870
0.376901
0.376691
0.376329
0.376741
0.376729
0.376515
0.376980
0.377392
0.377418
0.377713
0.377250
0.376777
0.377540
0.378097
0.378012
0.378198
0.378582
0.378472
0.378500
0.378249
0.378701
0.378596
0.378620
0.378525
0.378748
0.379040
0.378900
0.379729
0.379076
0.379064
0.379152
0.379523
0.379875
0.379835
0.379994
0.380198
0.380204
0.380092
0.380314
0.380374
0.380455
0.380461
0.380156
0.379811
0.379817
0.379821
0.379660
0.379884
0.380130
0.380049
0.379941
0.379529
0.380073
0.379794
0.379848
0.380028
0.380216
0.380161
0.380519
0.380195
0.380167
0.380877
0.380859
0.380986
0.380701
0.380695
0.380643
0.380632
0.381062
0.381339
0.381037
0.380987
0.381030
0.380760
0.380611
0.380274
0.379935
0.379272
0.379525
0.380065
0.379878
0.379616
0.379545
0.379557
0.379732
0.379588
0.379451
0.379346
0.379426
0.379173
0.378943
0.378975
0.378775
0.379323
0.380728
0.380955
0.381055
0.380855
0.380784
0.380977
0.381500
0.381462
0.381491
0.381601
0.381449
0.381340
0.381425
0.381370
0.381982
0.381795
0.382539
0.382313
0.382492
0.382455
0.382298
0.382061
0.381719
0.381985
0.382683
0.382746
0.382318
0.382051
0.382097
0.382114
0.382200
0.381999
0.382398
0.383030
0.383171
0.383044
0.383114
0.383062
0.382848
0.382678
0.382884
0.382685
0.382598
0.382672
0.382739
0.382536
0.381882
0.381818
0.381415
0.381866
0.382104
0.381891
0.382116
0.381865
0.381670
0.382484
0.382354
0.382031
0.381797
0.381860
0.381765
0.381677
0.381674
0.381347
0.381443
0.381585
0.381618
0.381589
0.381371
0.380919
0.381028
0.380828
0.380999
0.381173
0.381154
0.381329
0.381162
0.381046
0.380988
0.380764
0.380873
0.381423
0.381810
0.381749
0.381897
0.381801
0.381745
0.381619
0.381839
0.381544
0.381762
0.381885
0.381668
0.381361
0.381627
0.381688
0.381305
0.381865
0.382061
0.381864
0.381856
0.381679
0.381550
0.381634
0.381954
0.381545
0.381760
0.381880
0.381802
0.381726
0.381666
0.381838
0.382290
0.382675
0.382314
0.382594
0.382533
0.382248
0.382208
0.381785
0.381755
0.381398
0.381285
0.381043
0.381204
0.381313
0.381484
0.381126
0.380089
0.380713
0.380666
0.381177
0.381024
0.380814
0.380277
0.379623
0.379660
0.379159
0.378846
0.378713
0.378207
0.377677
0.377341
0.377121
0.377675
0.378336
0.379259
0.380184
0.379887
0.379989
0.379406
0.378747
0.377518
0.376719
0.375844
0.375541
0.375236
0.375248
0.375547
0.376064
0.376018
0.375939
0.376389
0.377656
0.378565
0.379174
0.379438
0.379369
0.378437
0.377415
0.376677
0.375973
0.376029
0.376124
0.376829
0.377476
0.377453
0.378184
0.378868
0.379626
0.380069
0.381407
0.382303
0.382950
0.382975
0.382483
0.381701
0.380872
0.380065
0.379266
0.379039
0.379390
0.379765
0.379211
0.378763
0.378323
0.378399
0.378986
0.379793
0.380141
0.380510
0.381157
0.381568
0.381802
0.381694
0.382194
0.382309
0.382767
0.383031
0.383190
0.383241
0.383449
0.383620
0.383314
0.383458
0.383832
0.383832
0.383982
0.384317
0.384450
0.384315
0.384560
0.384813
0.384952
0.385176
0.385442
0.385354
0.385476
0.385110
0.385218
0.385179
0.385182
0.385585
0.385608
0.385556
0.386095
0.386077
0.385857
0.386002
0.386249
0.386046
0.386068
0.386219
0.386218
0.386186
0.386405
0.386328
0.386261
0.386516
0.386741
0.386764
0.386499
0.386447
0.386579
0.386800
0.387048
0.387310
0.387371
0.387561
0.387738
0.387794
0.387841
0.387851
0.387829
0.387668
0.387881
0.388147
0.388040
0.387883
0.388102
0.388215
0.388277
0.388666
0.388661
0.388376
0.388148
0.388513
0.388182
0.388382
0.388490
0.388295
0.388306
0.388743
0.388503
0.388487
0.388674
0.388562
0.388778
0.389101
0.389103
0.388945
0.389096
0.389087
0.388951
0.389021
0.389327
0.389167
0.389151
0.389374
0.389081
0.389121
0.389275
0.389354
0.389309
0.389355
0.389210
0.389279
0.389435
0.389275
0.389617
0.389663
0.389613
0.389796
0.389915
0.390396
0.390189
0.390395
0.390506
0.390336
0.390432
0.390334
0.390277
0.390420
0.390508
0.390225
0.390459
0.390643
0.390586
0.390716
0.390952
0.390769
0.390551
0.390571
0.390693
0.390452
0.390732
0.390971
0.390985
0.390975
0.391003
0.390837
0.390546
0.390777
0.390807
0.390813
0.391017
0.390959
0.390989
0.390886
0.391077
0.391109
0.390934
0.391091
0.391142
0.391127
0.391290
0.391415
0.391374
0.391418
0.391554
0.391496
0.391466
0.391559
0.391809
0.391643
0.391982
0.392266
0.392084
0.392360
0.392274
0.392274
0.392247
0.392447
0.392388
0.392305
0.392403
0.392494
0.392388
0.392365
0.392290
0.392306
0.392126
0.392236
0.392249
0.392464
0.392310
0.392426
0.392384
0.392272
0.392362
0.392293
0.392127
0.391972
0.391922
0.392239
0.392485
0.392518
0.392413
0.392349
0.392461
0.392474
0.392301
0.392467
0.392595
0.392508
0.392564
0.392724
0.392567
0.392446
0.392641
0.392520
0.392361
0.392566
0.392629
0.392479
0.392540
0.392652
0.392836
0.392733
0.392931
0.392834
0.392677
0.392816
0.393068
0.392986
0.393175
0.393220
0.393362
0.393310
0.393397
0.393854
0.393690
0.394034
0.394091
0.393862
0.393561
0.393710
0.393713
0.393577
0.393743
0.393692
0.393856
0.393580
0.393756
0.393787
0.393727
0.393717
0.393859
0.393687
0.393899
0.393974
0.393970
0.394057
0.394355
0.394490
0.394863
0.394794
0.395029
0.394908
0.394881
0.394913
0.394919
0.394753
0.394896
0.394976
0.395049
0.395065
0.395222
0.395286
0.395296
0.395235
0.395136
0.395344
0.395275
0.395206
0.395250
0.395183
0.395299
0.395307
0.395305
0.395285
0.395489
0.395491
0.395411
0.395658
0.395458
0.395363
0.395531
0.395426
0.395416
0.395643
0.395723
0.395582
0.395624
0.395815
0.395615
0.395516
0.395466
0.395703
0.395686
0.395648
0.395882
0.395783
0.395870
0.395849
0.395867
0.395941
0.395932
0.395863
0.395667
0.395663
0.395824
0.395912
0.395962
0.396039
0.395977
0.396069
0.395986
0.396146
0.396350
0.396232
0.396557
0.396397
0.396438
0.396326
0.396329
0.396505
0.396410
0.396369
0.396336
0.396428
0.396570
0.396420
0.396401
0.396920
0.396792
0.396745
0.396755
0.396857
0.396778
0.396654
0.396509
0.396538
0.396439
0.396722
0.396684
0.396700
0.396747
0.396825
0.396745
0.396830
0.396601
0.396484
0.396639
0.396652
0.396831
0.396818
0.396853
0.396914
0.396982
0.397082
0.397081
0.396851
0.396865
0.396973
0.396524
0.396586
0.395887
0.396064
0.396313
0.396416
0.396640
0.396736
0.396681
0.396640
0.397117
0.396743
0.396863
0.396902
0.396946
0.396943
0.397189
0.397044
0.396980
0.396990
0.397118
0.397046
0.397328
0.397432
0.397562
0.397645
0.397639
0.397629
0.397434
0.397555
0.397543
0.397382
0.397396
0.397405
0.397490
0.397229
0.397576
0.397558
0.397361
0.397390
0.397596
0.397442
0.397608
0.397662
0.397462
0.397358
0.397142
0.397396
0.396980
0.397528
0.397695
0.397702
0.397529
0.397783
0.397803
0.397699
0.397972
0.397969
0.397882
0.397902
0.397945
0.397900
0.397842
0.398441
0.399014
0.398395
0.398482
0.398624
0.398596
0.398729
0.398756
0.398546
0.398673
0.398662
0.398608
0.398537
0.398837
0.398996
0.399247
0.398979
0.398819
0.398998
0.399008
0.399261
0.399291
0.398894
0.398714
0.399040
0.398744
0.398814
0.398952
0.398501
0.398621
0.398849
0.398772
0.398978
0.398590
0.398455
0.398548
0.398785
0.399128
0.399060
0.398987
0.399021
0.398807
0.398655
0.398839
0.398790
0.398650
0.398764
0.398761
0.398720
0.398693
0.398665
0.398773
0.398674
0.398798
0.398951
0.398967
0.399374
0.399152
0.399037
0.398928
0.399095
0.399204
0.398943
0.399191
0.399146
0.399167
0.399053
0.399175
0.399336
0.399090
0.399113
0.399217
0.399130
0.399152
0.399220
0.399199
0.399183
0.399290
0.399246
0.398747
0.398830
0.399114
0.398745
0.398979
0.399074
0.398910
0.398927
0.399004
0.398941
0.399186
0.399355
0.399701
0.399429
0.399530
0.399991
0.399146
0.399433
0.399288
0.399249
0.399198
0.399393
0.399605
0.399489
0.399787
0.399965
0.399687
0.399705
0.399729
0.399687
0.399619
0.399824
0.399354
0.399008
0.399318
0.399611
0.399669
0.399738
0.399778
0.399712
0.399532
0.399508
0.399580
0.399492
0.399528
0.399529
0.399459
0.399491
0.399046
0.399200
0.399197
0.399573
0.399171
0.399250
0.399427
0.399609
0.399636
0.399741
0.399941
0.399990
0.400088
0.400051
0.400253
0.400784
0.400504
0.400338
0.400402
0.399863
0.400121
0.400202
0.400174
0.400298
0.400297
0.400201
0.400311
0.400466
0.400377
0.400267
0.400149
0.400174
0.400131
0.399998
0.400328
0.400236
0.400369
0.400449
0.400652
0.400544
0.400903
0.401241
0.401140
0.400889
0.401063
0.400904
0.401552
0.402191
0.402415
0.402235
0.402359
0.402609
0.402551
0.402567
0.402541
0.402295
0.402367
0.402421
0.402425
0.402238
0.402228
0.402308
0.402208
0.401938
0.402379
0.402179
0.402184
0.402440
0.402330
0.402189
0.402424
0.402452
0.402332
0.402289
0.402326
0.402278
0.402221
0.402315
0.402032
0.401777
0.401819
0.402135
0.401966
0.402072
0.402247
0.402053
0.401915
0.401983
0.401908
0.401941
0.401869
0.401896
0.401912
0.401847
0.401732
0.401519
0.401330
0.401569
0.401634
0.401330
0.401429
0.401611
0.401548
0.401389
0.401497
0.401471
0.401208
0.401397
0.401461
0.401899
0.401693
0.401821
0.401852
0.401713
0.401940
0.402243
0.402003
0.401982
0.402315
0.401982
0.401819
0.401743
0.401675
0.401650
0.401331
0.401958
0.401864
0.402313
0.402505
0.402462
0.402244
0.402507
0.402593
0.402477
0.402576
0.402648
0.402589
0.402614
0.402728
0.402757
0.402834
0.402808
0.402815
0.402199
0.402292
0.402626
0.402577
0.402648
0.402535
0.402518
0.402476
0.402478
0.402618
0.402365
0.402570
0.402696
0.402479
0.402528
0.402846
0.402893
0.402844
0.403076
0.403238
0.402898
0.403002
0.403175
0.403178
0.403255
0.403438
0.403405
0.403397
0.403449
0.403389
0.403488
0.403664
0.403950
0.403884
0.403879
0.404120
0.403901
0.403801
0.404078
0.404014
0.403775
0.403803
0.403819
0.403781
0.403901
0.404006
0.404032
0.404171
0.404230
0.404369
0.404242
0.404343
0.403940
0.403953
0.403762
0.403852
0.403781
0.403569
0.403889
0.404178
0.403630
0.403689
0.403984
0.403872
0.404148
0.404270
0.404143
0.404084
0.404038
0.404105
0.404037
0.404079
0.404180
0.404356
0.404330
0.404307
0.404043
0.404025
0.403930
0.403764
0.403720
0.403676
0.403846
0.403786
0.403737
0.403734
0.403694
0.403660
0.403702
0.403643
0.403510
0.403725
0.404188
0.404168
0.404293
0.404386
0.404331
0.404110
0.404403
0.404513
0.404389
0.404400
0.404496
0.404306
0.404167
0.404580
0.404484
0.404028
0.404460
0.404310
0.404294
0.404458
0.404553
0.404497
0.404558
0.404519
0.404576
0.404470
0.404526
0.404537
0.404444
0.404570
0.404683
0.404984
0.405010
0.405077
0.405080
0.404994
0.405422
0.405642
0.405546
0.405695
0.405709
0.405671
0.405557
0.405634
0.405621
0.405418
0.405502
0.405475
0.405455
0.405651
0.405929
0.405894
0.405827
0.406160
0.406175
0.406244
0.406616
0.406755
0.406569
0.406500
0.406635
0.406616
0.406928
0.406918
0.407171
0.406524
0.406378
0.406200
0.406035
0.405862
0.405849
0.405953
0.405743
0.405539
0.405517
0.405409
0.405542
0.405596
0.405287
0.405807
0.405581
0.405649
0.405286
0.405557
0.405577
0.405597
0.405536
0.405675
0.405410
0.404914
0.405246
0.405399
0.404929
0.404974
0.405214
0.405443
0.405660
0.405653
0.405591
0.405649
0.405591
0.405585
0.405433
0.405429
0.405448
0.405389
0.405490
0.405512
0.405729
0.405654
0.405620
0.405745
0.405719
0.405786
0.406199
0.406215
0.406171
0.406025
0.406207
0.406171
0.406220
0.406507
0.406320
0.406428
0.406567
0.406698
0.406336
0.406632
0.406922
0.406544
0.406709
0.406680
0.406403
0.406687
0.406731
0.406630
0.406606
0.406756
0.406707
0.406332
0.406164
0.406226
0.406353
0.406206
0.406226
0.405884
0.405791
0.405712
0.405786
0.405859
0.405849
0.406057
0.406031
0.406203
0.406293
0.406258
0.406195
0.405692
0.405346
0.405438
0.405496
0.405869
0.406171
0.406221
0.406510
0.406874
0.406639
0.407002
0.407141
0.406857
0.406898
0.407128
0.406794
0.406327
0.406846
0.406611
0.406557
0.406420
0.406480
0.406470
0.406423
0.406283
0.406326
0.406286
0.406646
0.406464
0.406466
0.406511
0.406853
0.406915
0.406990
0.407114
0.406949
0.406981
0.407215
0.407061
0.407086
0.407100
0.407172
0.407104
0.407218
0.407141
0.407278
0.407177
0.407638
0.407540
0.407599
0.407728
0.407752
0.407574
0.407807
0.407776
0.407681
0.407734
0.407742
0.407709
0.407637
0.407813
0.407756
0.407710
0.408270
0.408623
0.408408
0.408618
0.408746
0.408743
0.408672
0.408862
0.408765
0.408622
0.408911
0.409047
0.408819
0.409098
0.408897
0.408492
0.408461
0.408653
0.408824
0.408687
0.408877
0.409115
0.408977
0.408992
0.409259
0.409122
0.408994
0.409149
0.408974
0.408769
0.408535
0.408620
0.408464
0.408204
0.408517
0.408450
0.408440
0.408549
0.408589
0.408454
0.408674
0.408951
0.409008
0.409066
0.409096
0.409175
0.409157
0.409719
0.409544
0.409772
0.409526
0.409461
0.409277
0.409248
0.409350
0.409368
0.409320
0.409458
0.409975
0.409768
0.409910
0.410129
0.409773
0.409866
0.409873
0.409786
0.409997
0.410017
0.409957
0.409893
0.410287
0.410478
0.410412
0.410338
0.409960
0.409782
0.409548
0.409639
0.410337
0.410248
0.409873
0.410224
0.410056
0.409832
0.410088
0.409969
0.409970
0.410142
0.410143
0.410125
0.410170
0.410194
0.410110
0.410074
0.410348
0.409833
0.409940
0.410000
0.410016
0.409702
0.409882
0.410023
0.409782
0.409640
0.409594
0.409553
0.409483
0.409594
0.409788
0.409438
0.409734
0.409968
0.409734
0.409767
0.409944
0.409882
0.409827
0.409721
0.409816
0.409578
0.409569
0.409717
0.409584
0.409922
0.410139
0.410288
0.410294
0.410784
0.410994
0.410997
0.410672
0.411045
0.411112
0.410541
0.410627
0.410820
0.410624
0.410550
0.410505
0.410378
0.410256
0.410207
0.410542
0.410450
0.410476
0.410184
0.410037
0.410025
0.410169
0.410242
0.410452
0.410399
0.410368
0.410216
0.410505
0.410517
0.410370
0.410336
0.409849
0.410100
0.410050
0.410045
0.410344
0.410243
0.410234
0.410374
0.410311
0.410339
0.410638
0.410493
0.410625
0.410903
0.410926
0.410085
0.410257
0.410073
0.409844
0.409874
0.409743
0.409634
0.409542
0.409682
0.409634
0.409444
0.409599
0.409767
0.409567
0.409592
0.409676
0.409504
0.409147
0.409057
0.409133
0.408923
0.409073
0.409115
0.409077
0.408938
0.409142
0.408977
0.408928
0.409011
0.409009
0.408785
0.408927
0.408922
0.408859
0.408962
0.409318
0.409464
0.409543
0.409460
0.409472
0.409118
0.409200
0.409249
0.408925
0.408967
0.409028
0.408932
0.408936
0.408974
0.409151
0.409105
0.409249
0.409302
0.409200
0.409330
0.409272
0.409269
0.409329
0.409149
0.409135
0.409022
0.408990
0.409246
0.409334
0.409458
0.409361
0.409270
0.409261
0.409445
0.409341
0.409444
0.409576
0.409493
0.409205
0.409130
0.409198
0.409144
0.409200
0.409213
0.408924
0.408738
0.408925
0.409477
0.409290
0.409477
0.409559
0.409373
0.409257
0.409192
0.409301
0.409216
0.409132
0.409169
0.409201
0.409330
0.409449
0.409608
0.409526
0.409595
0.409709
0.409712
0.409379
0.409509
0.409545
0.409233
0.409569
0.409603
0.409564
0.409559
0.409603
0.409359
0.409497
0.409528
0.409758
0.409450
0.409793
0.409742
0.409786
0.409929
0.409896
0.409612
0.409648
0.409549
0.409587
0.409608
0.409477
0.409474
0.408827
0.409085
0.409164
0.409002
0.409158
0.409277
0.409461
0.409540
0.409788
0.409677
0.409544
0.409728
0.409758
0.409354
0.409330
0.409132
0.409106
0.409115
0.409074
0.409247
0.409244
0.409370
0.409319
0.409223
0.409180
0.409523
0.409467
0.409389
0.409455
0.409456
0.409396
0.409336
0.409312
0.409382
0.409510
0.409645
0.409769
0.409901
0.409977
0.410105
0.410099
0.410097
0.410286
0.410087
0.410262
0.410427
0.410277
0.410104
0.410352
0.410488
0.410459
0.410700
0.410962
0.410759
0.410936
0.410811
0.410628
0.410479
0.410538
0.410368
0.410227
0.410432
0.410301
0.410561
0.410182
0.410671
0.410401
0.410226
0.410259
0.410051
0.409906
0.410000
0.409962
0.409907
0.410150
0.410337
0.410250
0.410434
0.410698
0.410694
0.410661
0.410769
0.411119
0.410944
0.410746
0.410962
0.410910
0.410770
0.410919
0.410913
0.410660
0.410836
0.410493
0.410449
0.410454
0.410455
0.410520
0.410453
0.410730
0.410841
0.410784
0.410841
0.411021
0.410722
0.410729
0.410721
0.410562
0.410472
0.410067
0.410288
0.410122
0.410411
0.410771
0.410850
0.411110
0.411827
0.412152
0.412341
0.412424
0.412809
0.413084
0.413311
0.413447
0.413363
0.413214
0.413221
0.413494
0.413099
0.413048
0.413072
0.412863
0.412780
0.412582
0.412188
0.412243
0.412451
0.412270
0.412410
0.412549
0.412505
0.411966
0.412217
0.412362
0.412230
0.412335
0.412440
0.412486
0.412472
0.412441
0.412420
0.412250
0.412253
0.412593
0.412327
0.412385
0.412971
0.413348
0.412897
0.413141
0.413367
0.413187
0.413165
0.413209
0.413383
0.413255
0.413388
0.413256
0.412997
0.413006
0.412875
0.412530
0.412743
0.412636
0.412564
0.412687
0.413199
0.413025
0.412687
0.412759
0.412896
0.412700
0.412664
0.412663
0.412583
0.412688
0.412860
0.413161
0.412865
0.412838
0.413053
0.412999
0.413045
0.413083
0.413027
0.413174
0.413210
0.413078
0.412962
0.413144
0.413509
0.413436
0.413904
0.413956
0.414323
0.413683
0.413730
0.413801
0.413558
0.413598
0.413680
0.413509
0.413647
0.413727
0.413379
0.413339
0.413352
0.413247
0.413203
0.413438
0.412847
0.412680
0.412666
0.412785
0.412698
0.412827
0.412963
0.412790
0.412511
0.412844
0.412866
0.412640
0.412772
0.412912
0.412884
0.412980
0.413417
0.413495
0.413341
0.413476
0.413702
0.413401
0.413429
0.413460
0.413423
0.413543
0.413648
0.413534
0.413234
0.413150
0.412593
0.412814
0.413177
0.413112
0.412777
0.412841
0.412882
0.412842
0.412848
0.412697
0.412724
0.412487
0.412708
0.412763
0.412683
0.412801
0.412763
0.413716
0.413566
0.413697
0.413788
0.413811
0.413881
0.414151
0.413837
0.413634
0.413730
0.413842
0.413516
0.413640
0.413865
0.413563
0.413031
0.413336
0.413483
0.413328
0.413477
0.413338
0.413148
0.413193
0.413210
0.413071
0.413037
0.413173
0.413043
0.413128
0.413218
0.413456
0.413163
0.413746
0.413736
0.413445
0.413508
0.413667
0.413574
0.413588
0.413490
0.413492
0.413629
0.413570
0.413595
0.413529
0.413709
0.414294
0.414782
0.413760
0.413891
0.413915
0.413716
0.413962
0.414148
0.413989
0.414114
0.414320
0.414419
0.414216
0.414267
0.414203
0.414006
0.413857
0.413751
0.413736
0.413578
0.413668
0.413389
0.413306
0.413434
0.413264
0.413152
0.413255
0.413272
0.413374
0.413476
0.413557
0.413531
0.413782
0.413949
0.413998
0.413756
0.413604
0.413909
0.413829
0.413711
0.413376
0.413520
0.413447
0.413416
0.413371
0.413251
0.413355
0.412906
0.413293
0.413393
0.413460
0.413578
0.413356
0.413446
0.413492
0.413192
0.413226
0.413445
0.413503
0.413424
0.413671
0.413662
0.413480
0.413553
0.413691
0.413648
0.413738
0.413495
0.413413
0.413299
0.413167
0.413135
0.412970
0.413005
0.412971
0.412924
0.413012
0.412991
0.413072
0.413123
0.412838
0.413204
0.413061
0.413117
0.413299
0.413122
0.413094
0.413336
0.413415
0.413375
0.413536
0.413639
0.413534
0.413424
0.413738
0.412472
0.412802
0.412857
0.412595
0.412752
0.412651
0.412673
0.412615
0.412554
0.412556
0.412553
0.412577
0.412755
0.412636
0.412653
0.413238
0.413401
0.413089
0.413239
0.413408
0.413297
0.413424
0.413702
0.413803
0.413782
0.413841
0.413958
0.413892
0.413734
0.413883
0.413782
0.413672
0.413522
0.413663
0.413600
0.413745
0.413799
0.413551
0.413769
0.413540
0.413300
0.413357
0.413412
0.413311
0.413252
0.413358
0.413781
0.413246
0.413343
0.413215
0.413190
0.413169
0.413239
0.413300
0.413318
0.413468
0.413409
0.413298
0.413408
0.413474
0.413360
0.413252
0.413468
0.413333
0.413033
0.413179
0.413420
0.413105
0.413130
0.413069
0.412772
0.412534
0.412372
0.412234
0.412036
0.411799
0.411995
0.411803
0.411446
0.411689
0.411443
0.411701
0.412179
0.412105
0.412182
0.412408
0.412349
0.412074
0.412169
0.412166
0.411921
0.411836
0.412047
0.411638
0.411597
0.411844
0.411699
0.411754
0.411815
0.411964
0.412006
0.412104
0.412091
0.412193
0.412135
0.412022
0.412062
0.411930
0.411855
0.411283
0.410871
0.411273
0.411108
0.411086
0.411150
0.411463
0.411254
0.411110
0.411268
0.411286
0.411129
0.411530
0.411914
0.411535
0.411409
0.411341
0.411551
0.411014
0.411426
0.411517
0.411264
0.411470
0.411506
0.411379
0.411278
0.411529
0.411368
0.411223
0.411395
0.411373
0.411170
0.411126
0.411525
0.411389
0.411320
0.411542
0.411454
0.411535
0.411428
0.411431
0.411252
0.411253
0.411205
0.411234
0.411245
0.411348
0.410791
0.410642
0.411572
0.411173
0.410795
0.410829
0.411245
0.411230
0.411252
0.411648
0.411806
0.411701
0.411777
0.411995
0.411847
0.411988
0.411923
0.411851
0.411784
0.412238
0.412166
0.412077
0.412251
0.412240
0.412235
0.412371
0.412491
0.412278
0.412395
0.412426
0.412397
0.412345
0.412226
0.411861
0.411936
0.411618
0.412074
0.412133
0.412214
0.412454
0.412432
0.412248
0.412471
0.412591
0.412455
0.412723
0.412815
0.412670
0.412657
0.413193
0.412888
0.412884
0.413163
0.413369
0.413205
0.413367
0.413429
0.413537
0.413843
0.414004
0.414183
0.414151
0.414132
0.414377
0.414612
0.414527
0.414445
0.414632
0.414605
0.414832
0.414825
0.415160
0.415304
0.415737
0.415947
0.416410
0.416747
0.417138
0.417574
0.417994
0.417564
0.418029
0.418472
0.419017
0.419062
0.419432
0.419994
0.419889
0.419666
0.419880
0.419696
0.419445
0.419254
0.419174
0.418754
0.418919
0.419061
0.418878
0.418819
0.419087
0.419206
0.419414
0.419619
0.420031
0.419949
0.420129
0.419918
0.419543
0.419507
0.419645
0.419275
0.419467
0.419529
0.419348
0.419214
0.419370
0.419501
0.419449
0.419484
0.419584
0.419539
0.419115
0.419151
0.419100
0.418863
0.418819
0.418747
0.418291
0.418350
0.418757
0.418752
0.418673
0.418864
0.418886
0.418580
0.418713
0.418750
0.418849
0.418675
0.418751
0.418859
0.418311
0.418519
0.418472
0.418202
0.417977
0.418411
0.418434
0.418484
0.418102
0.418179
0.418037
0.417908
0.418187
0.418065
0.418168
0.418122
0.418158
0.417491
0.417749
0.417788
0.417733
0.417885
0.417988
0.417895
0.417967
0.418031
0.418049
0.417956
0.417841
0.417478
0.417429
0.417453
0.417281
0.417085
0.416655
0.416836
0.416914
0.417065
0.417289
0.417184
0.417199
0.417108
0.417280
0.417185
0.416732
0.416556
0.416321
0.416160
0.416128
0.416660
0.416730
0.417105
0.417318
0.417163
0.417343
0.417475
0.417467
0.417478
0.417343
0.417488
0.417208
0.417340
0.417354
0.417582
0.416665
0.417222
0.417189
0.417062
0.417225
0.417315
0.417191
0.417288
0.417383
0.417252
0.417457
0.417464
0.417454
0.417346
0.417351
0.417464
0.417615
0.417219
0.417400
0.417425
0.417333
0.417779
0.417730
0.417835
0.417728
0.417667
0.417633
0.417213
0.417200
0.416896
0.416799
0.416813
0.416728
0.416847
0.417305
0.417422
0.417211
0.417370
0.417490
0.417311
0.417011
0.417031
0.416966
0.416999
0.417019
0.416988
0.416948
0.417424
0.417338
0.417158
0.417217
0.417390
0.417360
0.417272
0.417503
0.417429
0.417415
0.417455
0.417401
0.417349
0.417399
0.417267
0.416362
0.416434
0.416551
0.416403
0.416228
0.416441
0.416572
0.416245
0.416285
0.416461
0.416349
0.415740
0.415761
0.415806
0.415578
0.415616
0.415822
0.415690
0.415925
0.416127
0.416142
0.415954
0.416185
0.416223
0.415816
0.416013
0.415926
0.415768
0.415664
0.415797
0.415660
0.415590
0.415486
0.415515
0.415496
0.415676
0.415670
0.415609
0.415751
0.415771
0.415826
0.415975
0.415807
0.415828
0.415652
0.415623
0.415587
0.415482
0.414669
0.415590
0.415371
0.415603
0.415686
0.415879
0.415876
0.416125
0.416370
0.416145
0.415878
0.416178
0.415948
0.415724
0.415719
0.416245
0.415889
0.416063
0.416327
0.416288
0.416450
0.416714
0.416680
0.416661
0.417097
0.417113
0.416951
0.416933
0.416798
0.416659
0.416751
0.417101
0.417111
0.416822
0.416812
0.417058
0.417179
0.417274
0.417021
0.417188
0.417181
0.417314
0.417293
0.416953
0.417010
0.416747
0.416825
0.416607
0.416542
0.415999
0.415888
0.416170
0.415998
0.415849
0.415960
0.415989
0.415804
0.415606
0.415350
0.414966
0.414595
0.414715
0.413982
0.413957
0.414533
0.414570
0.414876
0.414835
0.415209
0.415252
0.415334
0.415396
0.415285
0.415201
0.415062
0.414995
0.414771
0.414893
0.414950
0.414360
0.414371
0.414632
0.414807
0.414833
0.414874
0.414976
0.414990
0.415054
0.415329
0.415309
0.415030
0.415184
0.415188
0.415062
0.415015
0.414860
0.414418
0.414310
0.414325
0.414295
0.414038
0.414313
0.414355
0.414289
0.414563
0.414926
0.414472
0.414755
0.415154
0.414473
0.415003
0.415078
0.415428
0.415507
0.415775
0.416156
0.416221
0.416481
0.416657
0.416807
0.416734
0.416730
0.416603
0.416428
0.416301
0.416476
0.416312
0.416059
0.416238
0.416163
0.416126
0.416434
0.416364
0.416576
0.416687
0.416891
0.416899
0.416654
0.416663
0.416732
0.416436
0.416546
0.416035
0.415969
0.416027
0.416360
0.416195
0.415987
0.416430
0.416325
0.416208
0.416326
0.416524
0.416410
0.416533
0.416697
0.416772
0.416792
0.416769
0.416719
0.416846
0.417073
0.417146
0.417184
0.417290
0.417372
0.417383
0.417459
0.417415
0.417441
0.417269
0.417241
0.417207
0.417450
0.417758
0.417737
0.417963
0.418088
0.418300
0.418511
0.418434
0.418500
0.418834
0.418823
0.418859
0.418783
0.418696
0.418674
0.418070
0.417598
0.417752
0.418071
0.418081
0.418248
0.417830
0.417668
0.417882
0.417658
0.417768
0.417716
0.417568
0.417972
0.418151
0.417881
0.418108
0.418059
0.417956
0.417875
0.418005
0.418126
0.418351
0.418269
0.418555
0.418131
0.418170
0.418267
0.418144
0.417895
0.417850
0.417030
0.417154
0.417808
0.417997
0.418012
0.418100
0.418413
0.418352
0.418457
0.418764
0.418748
0.418479
0.418584
0.418474
0.418518
0.418230
0.418937
0.418874
0.418866
0.419612
0.419589
0.419748
0.419752
0.420148
0.420077
0.419861
0.420081
0.419905
0.419651
0.419895
0.419886
0.419757
0.419219
0.419696
0.419572
0.419621
0.419725
0.419692
0.419512
0.419607
0.419758
0.419512
0.419348
0.419359
0.419322
0.419309
0.419164
0.419124
0.419304
0.419503
0.419442
0.419344
0.419451
0.419548
0.419791
0.419510
0.419665
0.419668
0.419903
0.419754
0.419922
0.419643
0.419651
0.420279
0.420315
0.419954
0.419903
0.420287
0.420009
0.420066
0.420169
0.420079
0.420020
0.420340
0.420057
0.420058
0.420155
0.420258
0.420262
0.419858
0.419600
0.419577
0.419884
0.419897
0.419894
0.419862
0.419886
0.419887
0.419747
0.419716
0.419683
0.419402
0.419367
0.419402
0.419543
0.419452
0.418748
0.418729
0.418598
0.418559
0.418778
0.418639
0.418679
0.418724
0.418637
0.418601
0.418646
0.418854
0.418619
0.418701
0.418343
0.418521
0.418238
0.418362
0.418564
0.418436
0.418696
0.418595
0.418539
0.418552
0.418509
0.418443
0.418444
0.418639
0.418720
0.418812
0.418630
0.418665
0.418539
0.418652
0.418913
0.418774
0.419011
0.419046
0.419208
0.419005
0.418919
0.418885
0.418990
0.419200
0.419461
0.419130
0.419782
0.419922
0.420168
0.420201
0.420264
0.420375
0.420098
0.420232
0.420275
0.420150
0.420189
0.420277
0.419695
0.419594
0.419765
0.419701
0.419652
0.419474
0.419819
0.419442
0.419459
0.419879
0.419852
0.419546
0.419644
0.419465
0.419178
0.419455
0.419506
0.419516
0.419576
0.420190
0.420607
0.420491
0.420725
0.421035
0.420903
0.421000
0.421082
0.421074
0.421091
0.421195
0.420857
0.420876
0.420906
0.420947
0.420784
0.420386
0.420708
0.420702
0.420559
0.420793
0.420693
0.420196
0.420049
0.419675
0.419580
0.419503
0.419542
0.419668
0.419397
0.419032
0.417897
0.419219
0.418663
0.418054
0.416781
0.417448
0.417772
0.418482
0.419237
0.421134
0.424886
0.428658
0.435041
0.442277
0.444646
0.436133
0.428440
0.424977
0.422830
0.422207
0.422614
0.421667
0.420653
0.419993
0.418885
0.417603
0.416905
0.416605
0.416257
0.416145
0.416196
0.416260
0.416450
0.417206
0.417670
0.418255
0.418610
0.418609
0.418508
0.418450
0.418545
0.418325
0.418259
0.418368
0.417918
0.417692
0.417917
0.417863
0.417167
0.416793
0.417264
0.416635
0.416829
0.416003
0.416134
0.415887
0.415938
0.416124
0.415620
0.415797
0.415664
0.415467
0.415741
0.416197
0.415975
0.416317
0.416042
0.416183
0.416018
0.415842
0.416083
0.415950
0.415844
0.415782
0.415685
0.415670
0.415652
0.415611
0.415615
0.415133
0.415522
0.415764
0.415474
0.415442
0.415638
0.415628
0.415369
0.415087
0.414981
0.414977
0.414998
0.414698
0.414504
0.414555
0.414413
0.414595
0.414653
0.414434
0.414393
0.414414
0.414792
0.414958
0.414692
0.414568
0.414557
0.414313
0.414230
0.414279
0.414074
0.413953
0.414557
0.414999
0.414478
0.414665
0.414619
0.414432
0.414413
0.414617
0.414423
0.414493
0.414578
0.414361
0.414194
0.414391
0.414446
0.413998
0.413754
0.413773
0.413261
0.412995
0.413380
0.413531
0.413115
0.413101
0.413260
0.413281
0.413079
0.413325

received SIGINT Ctrl-C

Exiting Cleanly
