starting setpoint thread... 
Creating LCM backend.
initializing imu... 
initializing controller...
initializing motors...
Initializing: PWM
motors initialized...
resetting encoders...
initializing odometry...
0.000000,-0.000000,-0.000007,-0.000000
0.000000,-0.000000,0.000000,-0.000000
0.000000,-0.000000,0.000000,-0.000000
0.000000,-0.000000,0.000000,-0.000000
enabling motors...
attaching imu interupt...
we are running!!!...
0
0.800000,0.900000,0.000000,0.000000,-0.000412,48.370021,1.204159
0
0
0.800000,0.900000,0.000000,0.000000,-0.000993,48.370021,1.204159
0
0
0.800000,0.900000,-0.000131,0.000000,-0.001584,48.365362,1.204247
0
0
0.800000,0.900000,-0.000262,0.000000,0.000888,48.360700,1.204334
0
0
0.800000,0.900000,-0.000393,-0.000000,0.020131,48.356045,1.204421
0
0
0.800000,0.900000,-0.000655,-0.000000,0.054170,48.346735,1.204595
0
0
0.800000,0.900000,-0.001311,-0.000000,-0.000907,48.323453,1.205031
0
0
0.800000,0.900000,-0.002097,-0.000001,0.036145,48.295553,1.205554
0
0
0.800000,0.900000,-0.003276,-0.000003,0.097132,48.253790,1.206341
0
0
0.800000,0.900000,-0.004587,-0.000003,0.027211,48.207399,1.207214
0
0
0.800000,0.900000,-0.006160,-0.000004,0.004981,48.151797,1.208263
0
0
0.800000,0.900000,-0.007601,-0.000005,0.061375,48.100963,1.209227
0
0
0.800000,0.900000,-0.009436,-0.000007,0.063681,48.036382,1.210454
0
0
0.800000,0.900000,-0.011140,-0.000010,0.086717,47.976552,1.211596
0
0
0.800000,0.900000,-0.012844,-0.000012,0.078397,47.916828,1.212739
0
0
0.800000,0.900000,-0.014154,-0.000014,0.080946,47.870964,1.213620
0
0
0.800000,0.900000,-0.015465,-0.000017,0.115408,47.825191,1.214501
0
0
0.800000,0.900000,-0.016645,-0.000020,0.165968,47.784087,1.215296
0
0
0.800000,0.900000,-0.014286,-0.000011,0.210313,47.866291,1.213706
0
0
0.800000,0.900000,-0.015596,-0.000016,0.192617,47.820584,1.214589
0
0
0.800000,0.900000,-0.017300,-0.000016,0.000050,47.761078,1.215733
0
0
0.800000,0.900000,-0.017824,-0.000009,-0.691546,47.742594,1.216081
0
0
0.800000,0.900000,-0.017955,-0.000006,-1.644593,47.737905,1.216166
0
0
0.800000,0.900000,-0.017955,-0.000006,-2.550687,47.737905,1.216166
0
0
0.800000,0.900000,-0.017693,-0.000019,-3.037292,47.747475,1.216001
0
0
0.800000,0.900000,-0.017301,-0.000042,-3.350205,47.761895,1.215754
0
0
0.800000,0.900000,-0.017039,-0.000057,-3.275053,47.771502,1.215589
0
0
0.800000,0.900000,-0.016385,-0.000094,-3.210706,47.795508,1.215176
0
0
0.800000,0.900000,-0.015207,-0.000157,-3.079183,47.838678,1.214432
0
0
0.800000,0.900000,-0.014160,-0.000211,-2.924477,47.877016,1.213769
0
0
0.800000,0.900000,-0.012458,-0.000292,-2.725816,47.939223,1.212689
0
0
0.800000,0.900000,-0.010625,-0.000372,-2.505033,48.006126,1.211521
0
0
0.800000,0.900000,-0.008530,-0.000455,-2.256168,48.082473,1.210181
0
0
0.800000,0.900000,-0.006303,-0.000535,-2.053993,48.163539,1.208754
0
0
0.800000,0.900000,-0.003814,-0.000614,-1.829447,48.254070,1.207155
0
0
0.800000,0.900000,-0.001325,-0.000687,-1.680287,48.344645,1.205553
0
0
0.800000,0.900000,0.001557,-0.000765,-1.539537,48.449602,1.203698
0
0
0.800000,0.900000,0.004440,-0.000837,-1.449550,48.554750,1.201842
0
0
0.800000,0.900000,0.007322,-0.000904,-1.322213,48.660021,1.199986
0
0
0.800000,0.900000,0.010336,-0.000965,-1.155039,48.770159,1.198043
0
0
0.800000,0.900000,0.013481,-0.001018,-0.971969,48.885154,1.196012
0
0
0.800000,0.900000,0.016364,-0.001059,-0.818090,48.990671,1.194150
0
0
0.800000,0.900000,0.019378,-0.001096,-0.699502,49.101141,1.192202
0
0
0.800000,0.900000,0.022523,-0.001126,-0.541402,49.216535,1.190167
0
0
0.800000,0.900000,0.025669,-0.001146,-0.373881,49.332032,1.188130
0
0
0.800000,0.900000,0.028683,-0.001157,-0.196164,49.442798,1.186176
0
0
0.800000,0.900000,0.031829,-0.001158,-0.023769,49.558476,1.184134
0
0
0.800000,0.900000,0.034843,-0.001151,0.133745,49.669444,1.182175
0
0
0.800000,0.900000,0.037726,-0.001136,0.303656,49.775665,1.180300
0
0
0.800000,0.900000,0.040871,-0.001107,0.521814,49.891547,1.178249
0
0
0.800000,0.900000,0.043755,-0.001073,0.675237,49.997884,1.176367
0
0
0.800000,0.900000,0.046769,-0.001031,0.804989,50.109200,1.174399
0
0
0.800000,0.900000,0.049783,-0.000975,1.056444,50.220469,1.172426
0
0
0.800000,0.900000,0.052796,-0.000906,1.307041,50.331690,1.170447
0
0
0.800000,0.900000,0.055810,-0.000830,1.446267,50.443051,1.168467
0
0
0.800000,0.900000,0.058692,-0.000748,1.637497,50.549613,1.166570
0
0
0.800000,0.900000,0.061704,-0.000647,1.917180,50.660915,1.164580
0
0
0.800000,0.900000,0.064586,-0.000540,2.135272,50.767379,1.162672
0
0
0.800000,0.900000,0.067598,-0.000420,2.267501,50.878825,1.160676
0
0
0.800000,0.900000,0.070609,-0.000287,2.533189,50.990199,1.158675
0
0
0.800000,0.900000,0.073620,-0.000139,2.812322,51.101478,1.156667
0
0
0.800000,0.900000,0.076761,0.000025,3.002077,51.217661,1.154569
0
0
0.800000,0.900000,0.079771,0.000196,3.243802,51.328978,1.152553
0
0
0.800000,0.900000,0.083041,0.000395,3.482869,51.449963,1.150356
0
0
0.800000,0.900000,0.086180,0.000596,3.666171,51.566208,1.148245
0
0
0.800000,0.900000,0.089449,0.000817,3.872109,51.687353,1.146042
0
0
0.800000,0.900000,0.092587,0.001042,4.085535,51.803701,1.143923
0
0
0.800000,0.900000,0.095985,0.001290,4.189478,51.930017,1.141629
0
0
0.800000,0.900000,0.099513,0.001559,4.359277,52.061382,1.139244
0
0
0.800000,0.900000,0.102910,0.001832,4.590846,52.187934,1.136943
0
0
0.800000,0.900000,0.106306,0.002112,4.704848,52.314766,1.134643
0
0
0.800000,0.900000,0.109832,0.002413,4.883040,52.446643,1.132252
0
0
0.800000,0.900000,0.113487,0.002742,5.154024,52.583404,1.129766
0
0
0.800000,0.900000,0.117009,0.003079,5.451567,52.715212,1.127362
0
0
0.800000,0.900000,0.120661,0.003441,5.674252,52.852014,1.124864
0
0
0.800000,0.900000,0.124441,0.003834,5.924415,52.993757,1.122272
0
0
0.800000,0.900000,0.128220,0.004247,6.246501,53.135416,1.119671
0
0
0.800000,0.900000,0.132256,0.004710,6.542594,53.286838,1.116882
0
0
0.800000,0.900000,0.136030,0.005159,6.785127,53.428606,1.114269
0
0
0.800000,0.900000,0.140062,0.005661,7.101201,53.580097,1.111468
0
0
0.800000,0.900000,0.144091,0.006182,7.360810,53.731694,1.108660
0
0
0.800000,0.900000,0.148119,0.006715,7.544386,53.883599,1.105851
0
0
0.800000,0.900000,0.152144,0.007269,7.830828,54.035547,1.103035
0
0
0.800000,0.900000,0.156426,0.007873,8.030840,54.197605,1.100035
0
0
0.800000,0.900000,0.160447,0.008454,8.229452,54.350142,1.097215
0
0
0.800000,0.900000,0.164725,0.009091,8.469485,54.512722,1.094208
0
0
0.800000,0.900000,0.168871,0.009724,8.672109,54.670692,1.091291
0
0
0.800000,0.900000,0.173015,0.010373,8.910426,54.828871,1.088369
0
0
0.800000,0.900000,0.177284,0.011062,9.161932,54.992186,1.085351
0
0
0.800000,0.900000,0.181550,0.011775,9.491845,55.155490,1.082323
0
0
0.800000,0.900000,0.185812,0.012509,9.769015,55.318935,1.079290
0
0
0.800000,0.900000,0.190200,0.013287,10.056565,55.487462,1.076158
0
0
0.800000,0.900000,0.194584,0.014084,10.311494,55.656231,1.073021
0
0
0.800000,0.900000,0.198966,0.014895,10.482270,55.825486,1.069885
0
0
0.800000,0.900000,0.203602,0.015773,10.728631,56.005017,1.066559
0
0
0.800000,0.900000,0.207977,0.016619,10.945405,56.174961,1.063416
0
0
0.800000,0.900000,0.212476,0.017511,11.206056,56.350165,1.060175
0
0
0.800000,0.900000,0.216844,0.018394,11.430449,56.520720,1.057024
0
0
0.800000,0.900000,0.221336,0.019324,11.699755,56.696529,1.053776
0
0
0.800000,0.900000,0.225695,0.020247,11.960495,56.867576,1.050615
0
0
0.800000,0.900000,0.230177,0.021223,12.279004,57.043743,1.047353
0
0
0.800000,0.900000,0.234783,0.022247,12.540562,57.225245,1.043993
0
0
0.800000,0.900000,0.239128,0.023236,12.825000,57.396880,1.040813
0
0
0.800000,0.900000,0.243722,0.024310,13.160833,57.578665,1.037438
0
0
0.800000,0.900000,0.248183,0.025376,13.440228,57.755648,1.034151
0
0
0.800000,0.900000,0.252766,0.026500,13.782309,57.937748,1.030760
0
0
0.800000,0.900000,0.257214,0.027619,14.111560,58.114881,1.027456
0
0
0.800000,0.900000,0.261910,0.028831,14.473578,58.302151,1.023952
0
0
0.800000,0.900000,0.266597,0.030073,14.841870,58.489435,1.020437
0
0
0.800000,0.900000,0.271277,0.031344,15.202382,58.676774,1.016913
0
0
0.800000,0.900000,0.275949,0.032642,15.522723,58.864304,1.013380
0
0
0.800000,0.900000,0.280739,0.034005,15.885241,59.056963,1.009742
0
0
0.800000,0.900000,0.285397,0.035354,16.157234,59.244930,1.006195
0
0
0.800000,0.900000,0.290173,0.036767,16.484573,59.438177,1.002544
0
0
0.800000,0.900000,0.295066,0.038245,16.808489,59.636759,0.998789
0
0
0.800000,0.900000,0.299950,0.039752,17.145225,59.835573,0.995026
0
0
0.800000,0.900000,0.304824,0.041290,17.519870,60.034470,0.991252
0
0
0.800000,0.900000,0.309813,0.042902,17.899479,60.238564,0.987371
0
0
0.800000,0.900000,0.314667,0.044504,18.266204,60.437692,0.983576
0
0
0.800000,0.900000,0.319758,0.046223,18.658620,60.647101,0.979576
0
0
0.800000,0.900000,0.324839,0.047971,18.986099,60.856878,0.975568
0
0
0.800000,0.900000,0.329907,0.049755,19.400309,61.066683,0.971547
0
0
0.800000,0.900000,0.334964,0.051574,19.781704,61.276645,0.967515
0
0
0.800000,0.900000,0.340006,0.053431,20.216163,61.486545,0.963470
0
0
0.800000,0.900000,0.345034,0.055327,20.664330,61.696329,0.959410
0
0
0.800000,0.900000,0.350170,0.057308,21.098866,61.911182,0.955237
0
0
0.800000,0.900000,0.355289,0.059331,21.569212,62.125857,0.951048
0
0
0.800000,0.900000,0.360272,0.061341,21.965459,62.335545,0.946947
0
0
0.800000,0.900000,0.365359,0.063444,22.456854,62.550050,0.942729
0
0
0.800000,0.900000,0.370190,0.065480,22.858650,62.754403,0.938701
0
0
0.800000,0.900000,0.375125,0.067606,23.301804,62.963744,0.934558
0
0
0.800000,0.900000,0.379926,0.069712,23.690670,63.168084,0.930506
0
0
0.800000,0.900000,0.384833,0.071903,24.062292,63.377725,0.926342
0
0
0.800000,0.900000,0.389487,0.074015,24.417030,63.577372,0.922373
0
0
0.800000,0.900000,0.394009,0.076102,24.774707,63.772054,0.918497
0
0
0.800000,0.900000,0.398637,0.078272,25.122958,63.972056,0.914510
0
0
0.800000,0.900000,0.403251,0.080472,25.488880,64.172209,0.910515
0
0
0.800000,0.900000,0.407732,0.082643,25.857318,64.367348,0.906612
0
0
0.800000,0.900000,0.412082,0.084787,26.236730,64.557378,0.902803
0
0
0.800000,0.900000,0.416417,0.086960,26.624346,64.747367,0.898983
0
0
0.800000,0.900000,0.420854,0.089222,27.010846,64.942493,0.895049
0
0
0.800000,0.900000,0.425160,0.091452,27.381747,65.132543,0.891210
0
0
0.800000,0.900000,0.429569,0.093768,27.717498,65.327949,0.887259
0
0
0.800000,0.900000,0.433849,0.096048,28.045385,65.518464,0.883406
0
0
0.800000,0.900000,0.438117,0.098350,28.350110,65.709313,0.879546
0
0
0.800000,0.900000,0.442603,0.100800,28.644086,65.910935,0.875473
0
0
0.800000,0.900000,0.446849,0.103143,28.886578,66.102884,0.871606
0
0
0.800000,0.900000,0.451201,0.105564,29.092188,66.300865,0.867634
0
0
0.800000,0.900000,0.455658,0.108066,29.305340,66.504938,0.863557
0
0
0.800000,0.900000,0.460107,0.110582,29.494017,66.710057,0.859481
0
0
0.800000,0.900000,0.464436,0.113044,29.621987,66.911194,0.855514
0
0
0.800000,0.900000,0.468869,0.115589,29.873647,67.118376,0.851439
0
0
0.800000,0.900000,0.473402,0.118222,30.152243,67.331568,0.847256
0
0
0.800000,0.900000,0.478146,0.121013,30.468276,67.556045,0.842858
0
0
0.800000,0.900000,0.482873,0.123835,30.837963,67.780939,0.838452
0
0
0.800000,0.900000,0.487578,0.126691,31.256117,68.006004,0.834035
0
0
0.800000,0.900000,0.492375,0.129650,31.675601,68.236628,0.829502
0
0
0.800000,0.900000,0.497149,0.132644,32.098277,68.467458,0.824957
0
0
0.800000,0.900000,0.501900,0.135675,32.534311,68.698431,0.820400
0
0
0.800000,0.900000,0.506737,0.138815,32.993070,68.934821,0.815724
0
0
0.800000,0.900000,0.511549,0.141993,33.450068,69.171306,0.811035
0
0
0.800000,0.900000,0.516226,0.145137,33.908328,69.402470,0.806440
0
0
0.800000,0.900000,0.520984,0.148394,34.396853,69.638887,0.801724
0
0
0.800000,0.900000,0.525716,0.151691,34.869499,69.875305,0.796993
0
0
0.800000,0.900000,0.530525,0.155106,35.380500,70.116899,0.792139
0
0
0.800000,0.900000,0.535093,0.158406,35.846165,70.347797,0.787488
0
0
0.800000,0.900000,0.539526,0.161668,36.354389,70.573019,0.782930
0
0
0.800000,0.900000,0.544143,0.165124,36.821612,70.808930,0.778142
0
0
0.800000,0.900000,0.548521,0.168460,37.302305,71.034002,0.773558
0
0
0.800000,0.900000,0.552769,0.171751,37.766095,71.253602,0.769071
0
0
0.800000,0.900000,0.557093,0.175157,38.231245,71.478434,0.764461
0
0
0.800000,0.900000,0.561185,0.178434,38.691179,71.692439,0.760059
0
0
0.800000,0.900000,0.565250,0.181744,39.160280,71.906206,0.755645
0
0
0.800000,0.900000,0.569288,0.185088,39.629788,72.119727,0.751217
0
0
0.800000,0.900000,0.573299,0.188464,40.093927,72.333022,0.746778
0
0
0.800000,0.900000,0.577183,0.191786,40.544530,72.540818,0.742438
0
0
0.800000,0.900000,0.580941,0.195055,41.022006,72.742897,0.738197
0
0
0.800000,0.900000,0.584673,0.198352,41.455550,72.944813,0.733945
0
0
0.800000,0.900000,0.588380,0.201678,41.912349,73.146414,0.729682
0
0
0.800000,0.900000,0.591870,0.204853,42.299205,73.337434,0.725636
0
0
0.800000,0.900000,0.595239,0.207967,42.744177,73.522778,0.721691
0
0
0.800000,0.900000,0.598682,0.211192,43.134657,73.713341,0.717625
0
0
0.800000,0.900000,0.602004,0.214355,43.587573,73.898179,0.713661
0
0
0.800000,0.900000,0.605493,0.217723,43.998706,74.093394,0.709461
0
0
0.800000,0.900000,0.608956,0.221117,44.431102,74.288355,0.705251
0
0
0.800000,0.900000,0.612302,0.224443,44.825687,74.477996,0.701147
0
0
0.800000,0.900000,0.615718,0.227886,45.234777,74.672752,0.696920
0
0
0.800000,0.900000,0.619108,0.231353,45.642515,74.867400,0.692684
0
0
0.800000,0.900000,0.622478,0.234840,45.985313,75.062334,0.688442
0
0
0.800000,0.900000,0.625928,0.238432,46.150715,75.263997,0.684086
0
0
0.800000,0.900000,0.629274,0.241941,46.368888,75.461479,0.679844
0
0
0.800000,0.900000,0.632877,0.245750,46.595178,75.676222,0.675258
0
0
0.800000,0.900000,0.636644,0.249763,46.809023,75.903336,0.670443
0
0
0.800000,0.900000,0.640395,0.253792,47.056175,76.131945,0.665627
0
0
0.800000,0.900000,0.644212,0.257938,47.362265,76.367160,0.660692
0
0
0.800000,0.900000,0.648096,0.262200,47.666699,76.609172,0.655640
0
0
0.800000,0.900000,0.651865,0.266390,48.031099,76.846552,0.650696
0
0
0.800000,0.900000,0.655696,0.270701,48.379912,77.090476,0.645632
0
0
0.800000,0.900000,0.659496,0.275038,48.777410,77.335124,0.640561
0
0
0.800000,0.900000,0.663350,0.279502,49.193471,77.585968,0.635367
0
0
0.800000,0.900000,0.667254,0.284096,49.645489,77.842849,0.630047
0
0
0.800000,0.900000,0.670869,0.288420,50.111082,78.083235,0.625064
0
0
0.800000,0.900000,0.674448,0.292773,50.575149,78.323751,0.620071
0
0
0.800000,0.900000,0.677907,0.297055,51.071703,78.558508,0.615183
0
0
0.800000,0.900000,0.681249,0.301262,51.548373,78.787575,0.610400
0
0
0.800000,0.900000,0.684554,0.305499,52.047037,79.016321,0.605606
0
0
0.800000,0.900000,0.687823,0.309764,52.528826,79.244876,0.600801
0
0
0.800000,0.900000,0.690741,0.313637,53.018263,79.450733,0.596455
0
0
0.800000,0.900000,0.693704,0.317640,53.483959,79.661788,0.591982
0
0
0.800000,0.900000,0.696644,0.321660,53.829021,79.873430,0.587503
0
0
0.800000,0.900000,0.699398,0.325491,54.287887,80.073596,0.583251
0
0
0.800000,0.900000,0.701973,0.329128,54.711369,80.262404,0.579227
0
0
0.800000,0.900000,0.704446,0.332676,55.129541,80.445336,0.575315
0
0
0.800000,0.900000,0.706746,0.336025,55.528211,80.616910,0.571633
0
0
0.800000,0.900000,0.709016,0.339394,56.029095,80.787458,0.567941
0
0
0.800000,0.900000,0.711189,0.342671,56.458073,80.951914,0.564360
0
0
0.800000,0.900000,0.713335,0.345966,56.920371,81.115509,0.560772
0
0
0.800000,0.900000,0.715457,0.349276,57.339953,81.278510,0.557176
0
0
0.800000,0.900000,0.717627,0.352711,57.730853,81.446552,0.553453
0
0
0.800000,0.900000,0.719705,0.356049,58.097859,81.608938,0.549846
0
0
0.800000,0.900000,0.721832,0.359510,58.425719,81.776741,0.546113
0
0
0.800000,0.900000,0.724008,0.363095,58.747219,81.950104,0.542256
0
0
0.800000,0.900000,0.726233,0.366804,59.042496,82.129300,0.538275
0
0
0.800000,0.900000,0.728306,0.370298,59.336796,82.298005,0.534531
0
0
0.800000,0.900000,0.730493,0.374029,59.616698,82.478109,0.530544
0
0
0.800000,0.900000,0.732533,0.377543,59.868887,82.647996,0.526795
0
0
0.800000,0.900000,0.734685,0.381295,60.173017,82.829193,0.522801
0
0
0.800000,0.900000,0.736946,0.385286,60.464052,83.022051,0.518562
0
0
0.800000,0.900000,0.739184,0.389290,60.801508,83.215305,0.514318
0
0
0.800000,0.900000,0.741462,0.393422,61.145851,83.414481,0.509949
0
0
0.800000,0.900000,0.743774,0.397684,61.520207,83.619457,0.505453
0
0
0.800000,0.900000,0.746063,0.401960,61.848435,83.825163,0.500953
0
0
0.800000,0.900000,0.748450,0.406479,62.159047,84.043062,0.496206
0
0
0.800000,0.900000,0.750751,0.410896,62.486804,84.256344,0.491577
0
0
0.800000,0.900000,0.753026,0.415326,62.827191,84.470445,0.486945
0
0
0.800000,0.900000,0.755275,0.419770,63.161308,84.685448,0.482308
0
0
0.800000,0.900000,0.757493,0.424229,63.556272,84.900792,0.477666
0
0
0.800000,0.900000,0.759682,0.428702,63.930485,85.116683,0.473019
0
0
0.800000,0.900000,0.761783,0.433073,64.321398,85.327239,0.468489
0
0
0.800000,0.900000,0.763857,0.437456,64.686424,85.538341,0.463954
0
0
0.800000,0.900000,0.765845,0.441735,65.085739,85.743898,0.459536
0
0
0.800000,0.900000,0.767913,0.446266,65.474016,85.961236,0.454867
0
0
0.800000,0.900000,0.769789,0.450452,65.865490,86.161663,0.450562
0
0
0.800000,0.900000,0.771691,0.454770,66.234826,86.368182,0.446130
0
0
0.800000,0.900000,0.773564,0.459100,66.611750,86.575063,0.441692
0
0
0.800000,0.900000,0.775309,0.463200,66.955368,86.771022,0.437497
0
0
0.800000,0.900000,0.776977,0.467190,67.311527,86.961489,0.433422
0
0
0.800000,0.900000,0.778622,0.471190,67.651894,87.152345,0.429342
0
0
0.800000,0.900000,0.780236,0.475203,68.096169,87.342601,0.425257
0
0
0.800000,0.900000,0.781671,0.478863,68.597309,87.514338,0.421535
0
0
0.800000,0.900000,0.783169,0.482781,69.075512,87.696362,0.417559
0
0
0.800000,0.900000,0.784541,0.486465,69.588156,87.865558,0.413823
0
0
0.800000,0.900000,0.785878,0.490163,70.123976,88.032965,0.410080
0
0
0.800000,0.900000,0.787098,0.493624,70.588593,88.187994,0.406581
0
0
0.800000,0.900000,0.788380,0.497341,70.978933,88.353447,0.402827
0
0
0.800000,0.900000,0.789554,0.500817,71.335023,88.507561,0.399319
0
0
0.800000,0.900000,0.790706,0.504302,71.707262,88.661102,0.395808
0
0
0.800000,0.900000,0.791837,0.507793,72.063285,88.814205,0.392292
0
0
0.800000,0.900000,0.792984,0.511416,72.444820,88.972117,0.388647
0
0
0.800000,0.900000,0.794067,0.514922,72.827878,89.123929,0.385123
0
0
0.800000,0.900000,0.795164,0.518561,73.231306,89.280249,0.381469
0
0
0.800000,0.900000,0.796205,0.522081,73.535531,89.431215,0.377938
0
0
0.800000,0.900000,0.797268,0.525730,73.762105,89.588348,0.374280
0
0
0.800000,0.900000,0.798386,0.529636,74.033188,89.756902,0.370368
0
0
0.800000,0.900000,0.799489,0.533546,74.251565,89.926720,0.366455
0
0
0.800000,0.900000,0.800584,0.537458,74.373179,90.098894,0.362542
0
0
0.800000,0.900000,0.801698,0.541502,74.595695,90.278056,0.358502
0
0
0.800000,0.900000,0.802797,0.545549,74.820131,90.458742,0.354462
0
0
0.800000,0.900000,0.803881,0.549600,75.023133,90.641251,0.350421
0
0
0.800000,0.900000,0.804979,0.553783,75.294072,90.830666,0.346252
0
0
0.800000,0.900000,0.806025,0.557845,75.564253,91.015559,0.342208
0
0
0.800000,0.900000,0.807080,0.562039,75.887250,91.206887,0.338035
0
0
0.800000,0.900000,0.808113,0.566239,76.192199,91.399178,0.333859
0
0
0.800000,0.900000,0.809123,0.570445,76.506056,91.592370,0.329682
0
0
0.800000,0.900000,0.810048,0.574401,76.840035,91.774333,0.325754
0
0
0.800000,0.900000,0.810980,0.578490,77.160115,91.962792,0.321698
0
0
0.800000,0.900000,0.811860,0.582456,77.506561,92.145670,0.317765
0
0
0.800000,0.900000,0.812715,0.586428,77.852836,92.328794,0.313830
0
0
0.800000,0.900000,0.813545,0.590405,78.222773,92.511870,0.309891
0
0
0.800000,0.900000,0.814322,0.594259,78.597607,92.688860,0.306076
0
0
0.800000,0.900000,0.815049,0.597990,78.990180,92.859402,0.302385
0
0
0.800000,0.900000,0.815748,0.601726,79.396729,93.029145,0.298690
0
0
0.800000,0.900000,0.816375,0.605208,79.796851,93.186326,0.295246
0
0
0.800000,0.900000,0.817002,0.608824,80.173181,93.348651,0.291672
0
0
0.800000,0.900000,0.817632,0.612572,80.461115,93.517321,0.287968
0
0
0.800000,0.900000,0.818221,0.616195,80.781509,93.680308,0.284390
0
0
0.800000,0.900000,0.818729,0.619431,81.086076,93.825877,0.281193
0
0
0.800000,0.900000,0.819240,0.622800,81.377972,93.977320,0.277866
0
0
0.800000,0.900000,0.819733,0.626172,81.682457,94.128757,0.274538
0
0
0.800000,0.900000,0.820192,0.629416,81.955432,94.274647,0.271336
0
0
0.800000,0.900000,0.820636,0.632663,82.214383,94.420926,0.268133
0
0
0.800000,0.900000,0.821067,0.635911,82.448922,94.567909,0.264928
0
0
0.800000,0.900000,0.821486,0.639160,82.663180,94.715882,0.261723
0
0
0.800000,0.900000,0.821927,0.642671,82.849870,94.877312,0.258261
0
0
0.800000,0.900000,0.822373,0.646314,83.018315,95.046973,0.254671
0
0
0.800000,0.900000,0.822762,0.649567,83.194164,95.200308,0.251465
0
0
0.800000,0.900000,0.823145,0.652953,83.550767,95.359203,0.248129
0
0
0.800000,0.900000,0.823578,0.656993,83.888859,95.548810,0.244148
0
0
0.800000,0.900000,0.823946,0.660644,84.249171,95.720076,0.240551
0
0
0.800000,0.900000,0.824287,0.664298,84.677456,95.890037,0.236950
0
0
0.800000,0.900000,0.824633,0.668346,85.111280,96.076911,0.232960
0
0
0.800000,0.900000,0.824963,0.672527,85.494837,96.269755,0.228839
0
0
0.800000,0.900000,0.825258,0.676579,85.841385,96.457155,0.224844
0
0
0.800000,0.900000,0.825545,0.680894,86.203460,96.657131,0.220590
0
0
0.800000,0.900000,0.825804,0.685211,86.570951,96.857734,0.216333
0
0
0.800000,0.900000,0.826035,0.689399,86.850005,97.054520,0.212204
0
0
0.800000,0.900000,0.826241,0.693588,87.197380,97.252214,0.208073
0
0
0.800000,0.900000,0.826437,0.698040,87.488771,97.464785,0.203683
0
0
0.800000,0.900000,0.826610,0.702623,87.841439,97.685382,0.199162
0
0
0.800000,0.900000,0.826743,0.706815,88.183479,97.888773,0.195027
0
0
0.800000,0.900000,0.826851,0.711008,88.536933,98.093332,0.190890
0
0
0.800000,0.900000,0.826932,0.715201,88.894814,98.299017,0.186751
0
0
0.800000,0.900000,0.826986,0.719263,89.247947,98.499409,0.182740
0
0
0.800000,0.900000,0.827015,0.723195,89.587658,98.694521,0.178857
0
0
0.800000,0.900000,0.827020,0.726996,89.928141,98.884059,0.175101
0
0
0.800000,0.900000,0.827003,0.730797,90.261028,99.074608,0.171344
0
0
0.800000,0.900000,0.826962,0.734728,90.606483,99.272705,0.167457
0
0
0.800000,0.900000,0.826894,0.738397,91.066475,99.455891,0.163825
0
0
0.800000,0.900000,0.826797,0.742066,91.512205,99.637273,0.160192
0
0
0.800000,0.900000,0.826674,0.745471,92.080198,99.801025,0.156814
0
0
0.800000,0.900000,0.826516,0.748875,92.665131,99.959101,0.153434
0
0
0.800000,0.900000,0.826325,0.752277,93.222700,100.111733,0.150050
0
0
0.800000,0.900000,0.826126,0.755416,93.628122,100.250239,0.146925
0
0
0.800000,0.900000,0.825904,0.758554,94.059739,100.385377,0.143799
0
0
0.800000,0.900000,0.825661,0.761690,94.444403,100.517988,0.140670
0
0
0.800000,0.900000,0.825396,0.764824,94.827666,100.647901,0.137541
0
0
0.800000,0.900000,0.825099,0.768087,95.215978,100.780239,0.134279
0
0
0.800000,0.900000,0.824806,0.771087,95.573749,100.899619,0.131278
0
0
0.800000,0.900000,0.824467,0.774346,95.947169,101.026212,0.128014
0
0
0.800000,0.900000,0.824142,0.777343,96.198819,101.142464,0.125010
0
0
0.800000,0.900000,0.823793,0.780469,96.390310,101.264979,0.121876
0
0
0.800000,0.900000,0.823407,0.783855,96.503105,101.401764,0.118481
0
0
0.800000,0.900000,0.822987,0.787500,96.574295,101.555871,0.114824
0
0
0.800000,0.900000,0.822565,0.791146,96.613933,101.718790,0.111169
0
0
0.800000,0.900000,0.822157,0.794661,96.622916,101.886087,0.107645
0
0
0.800000,0.900000,0.821759,0.798045,96.725711,102.054546,0.104251
0
0
0.800000,0.900000,0.821319,0.801688,96.891218,102.242656,0.100597
0
0
0.800000,0.900000,0.820836,0.805590,97.063338,102.453014,0.096682
0
0
0.800000,0.900000,0.820367,0.809230,97.352659,102.653959,0.093027
0
0
0.800000,0.900000,0.819879,0.812867,97.649685,102.859174,0.089372
0
0
0.800000,0.900000,0.819316,0.816890,97.968733,103.091759,0.085325
0
0
0.800000,0.900000,0.818766,0.820651,98.329626,103.313463,0.081538
0
0
0.800000,0.900000,0.818212,0.824279,98.683039,103.531410,0.077881
0
0
0.800000,0.900000,0.817656,0.827773,99.050332,103.744466,0.074353
0
0
0.800000,0.900000,0.817079,0.831265,99.397946,103.961415,0.070825
0
0
0.800000,0.900000,0.816479,0.834752,99.760102,104.182122,0.067297
0
0
0.800000,0.900000,0.815857,0.838236,100.131555,104.406708,0.063768
0
0
0.800000,0.900000,0.815278,0.841327,100.617006,104.603186,0.060629
0
0
0.800000,0.900000,0.814668,0.844413,101.196454,104.789487,0.057490
0
0
0.800000,0.900000,0.814007,0.847622,101.635674,104.979960,0.054218
0
0
0.800000,0.900000,0.813431,0.850313,102.089102,105.134471,0.051470
0
0
0.800000,0.900000,0.812863,0.852872,102.524224,105.274452,0.048852
1
1
0.000000,0.900000,0.812307,0.855300,102.913095,176.863277,0.813536
1
1
0.000000,0.900000,0.811736,0.857723,103.257936,177.031681,0.812836
1
1
0.000000,0.900000,0.811151,0.860144,103.599327,177.200071,0.812130
1
1
0.000000,0.900000,0.810646,0.862179,103.933751,177.341862,0.811528
1
1
0.000000,0.900000,0.810067,0.864466,104.220080,177.501373,0.810846
1
1
0.000000,0.900000,0.809576,0.866370,104.478847,177.634339,0.810274
1
1
0.000000,0.900000,0.809074,0.868270,104.791522,177.767264,0.809696
1
1
0.000000,0.900000,0.808597,0.870042,105.100884,177.891296,0.809151
1
1
0.000000,0.900000,0.808109,0.871811,105.408798,178.015287,0.808601
1
1
0.000000,0.900000,0.807649,0.873451,105.671261,178.130397,0.808086
1
1
0.000000,0.900000,0.807217,0.874963,105.970725,178.236615,0.807605
1
1
0.000000,0.900000,0.806813,0.876347,106.287321,178.333925,0.807159
1
1
0.000000,0.900000,0.806401,0.877729,106.583711,178.431166,0.806709
1
1
0.000000,0.900000,0.805983,0.879109,106.871502,178.528354,0.806254
1
1
0.000000,0.900000,0.805597,0.880361,107.136929,178.616674,0.805836
1
1
0.000000,0.900000,0.805166,0.881737,107.401058,178.713779,0.805373
1
1
0.000000,0.900000,0.804729,0.883111,107.648090,178.810857,0.804906
1
1
0.000000,0.900000,0.804246,0.884607,107.889412,178.916733,0.804394
1
1
0.000000,0.900000,0.803798,0.885978,108.110521,179.013770,0.803921
1
1
0.000000,0.900000,0.803388,0.887222,108.264553,179.102009,0.803490
1
1
0.000000,0.900000,0.802934,0.888591,108.379459,179.199100,0.803015
1
1
0.000000,0.900000,0.802516,0.889833,108.594927,179.287353,0.802580
1
1
0.000000,0.900000,0.801967,0.891446,108.809390,179.402081,0.802012
1
1
0.000000,0.900000,0.801286,0.893429,108.962377,179.543367,0.801312
1
1
0.000000,0.900000,0.800639,0.895286,109.193787,179.675869,0.800653
1
1
0.000000,0.900000,0.799985,0.897139,109.441577,179.808371,0.799990
1
1
0.000000,0.900000,0.799236,0.899238,109.671075,179.958605,0.799236
1
1
0.000000,0.900000,0.798566,0.901086,109.916433,-179.935340,0.798567
1
1
0.000000,0.900000,0.797797,0.903177,110.217735,-179.785092,0.797803
1
1
0.000000,0.900000,0.797018,0.905264,110.463579,-179.634789,0.797035
1
1
0.000000,0.900000,0.796231,0.907349,110.696089,-179.484432,0.796265
1
1
0.000000,0.900000,0.795294,0.909797,110.941119,-179.307435,0.795355
1
1
0.000000,0.900000,0.794299,0.912363,111.209688,-179.121476,0.794395
1
1
0.000000,0.900000,0.793294,0.914925,111.417041,-178.935326,0.793435
1
1
0.000000,0.900000,0.792134,0.917849,111.646866,-178.722345,0.792335
1
1
0.000000,0.900000,0.790913,0.920889,111.896747,-178.500211,0.791189
1
1
0.000000,0.900000,0.789627,0.924045,112.176382,-178.268951,0.789993
1
1
0.000000,0.900000,0.788226,0.927437,112.452922,-178.019549,0.788703
1
1
0.000000,0.900000,0.786806,0.930821,112.769477,-177.769860,0.787410
1
1
0.000000,0.900000,0.785267,0.934439,113.054665,-177.501919,0.786022
1
1
0.000000,0.900000,0.783762,0.937929,113.337469,-177.242489,0.784679
1
1
0.000000,0.900000,0.782239,0.941411,113.624065,-176.982663,0.783335
1
1
0.000000,0.900000,0.780754,0.944767,113.885701,-176.731390,0.782036
1
1
0.000000,0.900000,0.779360,0.947876,114.153382,-176.497725,0.780829
1
1
0.000000,0.900000,0.777953,0.950980,114.389164,-176.263706,0.779622
1
1
0.000000,0.900000,0.776524,0.954073,114.806615,-176.029604,0.778405
1
1
0.000000,0.900000,0.775288,0.956678,115.395844,-175.831733,0.777357
1
1
0.000000,0.900000,0.774026,0.959271,115.965838,-175.634094,0.776292
1
1
0.000000,0.900000,0.772974,0.961382,116.478796,-175.472561,0.775408
1
1
0.000000,0.900000,0.772380,0.962551,116.962682,-175.382970,0.774909
1
1
0.000000,0.900000,0.771594,0.964062,117.496446,-175.266780,0.774249
1
1
0.000000,0.900000,0.770796,0.965567,117.940017,-175.150767,0.773580
1
1
0.000000,0.900000,0.770296,0.966489,118.510831,-175.079578,0.773160
1
1
0.000000,0.900000,0.769851,0.967291,119.018351,-175.017473,0.772786
1
1
0.000000,0.900000,0.769465,0.967977,119.365296,-174.964331,0.772462
1
1
0.000000,0.900000,0.769206,0.968432,119.626570,-174.928961,0.772244
1
1
0.000000,0.900000,0.769075,0.968660,119.902311,-174.911297,0.772134
1
1
0.000000,0.900000,0.768944,0.968886,120.050455,-174.893660,0.772024
1
1
0.000000,0.900000,0.768813,0.969113,120.098338,-174.876023,0.771913
1
1
0.000000,0.900000,0.768879,0.969000,120.248054,-174.884835,0.771969
1
1
0.000000,0.900000,0.768945,0.968887,120.443015,-174.893619,0.772025
1
1
0.000000,0.900000,0.769078,0.968661,120.519765,-174.911201,0.772137
1
1
0.000000,0.900000,0.769211,0.968435,120.541486,-174.928756,0.772250
1
1
0.000000,0.900000,0.769412,0.968097,120.641775,-174.955082,0.772419
1
1
0.000000,0.900000,0.769612,0.967759,120.705532,-174.981366,0.772590
1
1
0.000000,0.900000,0.769814,0.967421,120.825698,-175.007623,0.772761
1
1
0.000000,0.900000,0.770152,0.966860,121.071412,-175.051258,0.773049
1
1
0.000000,0.900000,0.770559,0.966187,121.179309,-175.103526,0.773396
1
1
0.000000,0.900000,0.771172,0.965180,121.347003,-175.181724,0.773922
1
1
0.000000,0.900000,0.771789,0.964174,121.509437,-175.259717,0.774452
1
1
0.000000,0.900000,0.772748,0.962610,121.511950,-175.380812,0.775280
1
1
0.000000,0.900000,0.773570,0.961269,121.541377,-175.484378,0.775993
1
1
0.000000,0.900000,0.774531,0.959706,121.603481,-175.604899,0.776829
1
1
0.000000,0.900000,0.775697,0.957808,121.561008,-175.750939,0.777848
1
1
0.000000,0.900000,0.776725,0.956132,121.547948,-175.879507,0.778751
1
1
0.000000,0.900000,0.778026,0.954009,121.495393,-176.042009,0.779898
1
1
0.000000,0.900000,0.779390,0.951771,121.376129,-176.212722,0.781108
1
1
0.000000,0.900000,0.780750,0.949529,121.246837,-176.383120,0.782319
1
1
0.000000,0.900000,0.782104,0.947285,121.113803,-176.553191,0.783532
1
1
0.000000,0.900000,0.783521,0.944926,121.004662,-176.731376,0.784808
1
1
0.000000,0.900000,0.784997,0.942449,120.797801,-176.917772,0.786144
1
1
0.000000,0.900000,0.786532,0.939854,120.608987,-177.112296,0.787541
1
1
0.000000,0.900000,0.787925,0.937481,120.419258,-177.289621,0.788816
1
1
0.000000,0.900000,0.789443,0.934877,120.258327,-177.483463,0.790213
1
1
0.000000,0.900000,0.790952,0.932267,120.030072,-177.677017,0.791609
1
1
0.000000,0.900000,0.792384,0.929765,119.807884,-177.861897,0.792943
1
1
0.000000,0.900000,0.793870,0.927142,119.536391,-178.054987,0.794334
1
1
0.000000,0.900000,0.795344,0.924512,119.280226,-178.247844,0.795722
1
1
0.000000,0.900000,0.796743,0.921991,119.035551,-178.432109,0.797046
1
1
0.000000,0.900000,0.798192,0.919348,118.730028,-178.624625,0.798426
1
1
0.000000,0.900000,0.799749,0.916465,118.400215,-178.833740,0.799919
1
1
0.000000,0.900000,0.801111,0.913924,118.190430,-179.017458,0.801232
1
1
0.000000,0.900000,0.802457,0.911374,117.835316,-179.201163,0.802538
1
1
0.000000,0.900000,0.803972,0.908468,117.540558,-179.409731,0.804016
1
1
0.000000,0.900000,0.805470,0.905555,117.227480,-179.618109,0.805489
1
1
0.000000,0.900000,0.806893,0.902749,116.889853,-179.818043,0.806897
1
1
0.000000,0.900000,0.808239,0.900052,116.537307,-180.009562,0.808239
1
1
0.000000,0.900000,0.809688,0.897113,116.258287,179.808985,0.809693
1
1
0.000000,0.900000,0.811118,0.894166,115.886315,179.601100,0.811139
1
1
0.000000,0.900000,0.812584,0.891089,115.485148,179.384936,0.812633
1
1
0.000000,0.900000,0.814143,0.887767,115.144270,179.152365,0.814234
1
1
0.000000,0.900000,0.815794,0.884199,114.842162,178.903563,0.815947
1
1
0.000000,0.900000,0.817421,0.880620,114.457088,178.654981,0.817651
1
1
0.000000,0.900000,0.819240,0.876552,114.093962,178.373652,0.819575
1
1
0.000000,0.900000,0.821196,0.872114,113.796082,178.068252,0.821669
1
1
0.000000,0.900000,0.823231,0.867426,113.469131,177.747127,0.823875
1
1
0.000000,0.900000,0.825340,0.862483,113.122986,177.410429,0.826192
1
1
0.000000,0.900000,0.827474,0.857409,112.814840,177.066585,0.828569
1
1
0.000000,0.900000,0.829671,0.852078,112.405483,176.707250,0.831054
1
1
0.000000,0.900000,0.831876,0.846608,111.967677,176.340619,0.833588
1
1
0.000000,0.900000,0.834139,0.840879,111.558006,175.958784,0.836231
1
1
0.000000,0.900000,0.836303,0.835252,111.044754,175.585801,0.838806
1
1
0.000000,0.900000,0.838463,0.829483,110.539037,175.205495,0.841423
1
1
0.000000,0.900000,0.840612,0.823571,109.984529,174.817771,0.844080
1
1
0.000000,0.900000,0.842704,0.817638,109.428380,174.430731,0.846720
1
1
0.000000,0.900000,0.844742,0.811686,108.910054,174.044482,0.849346
1
1
0.000000,0.900000,0.846599,0.806088,108.358230,173.682947,0.851792
1
1
0.000000,0.900000,0.848361,0.800597,107.801542,173.329882,0.854165
1
1
0.000000,0.900000,0.850030,0.795215,107.234342,172.985206,0.856464
1
1
0.000000,0.900000,0.851573,0.790068,106.697265,172.656895,0.858640
1
1
0.000000,0.900000,0.853019,0.785028,106.012775,172.336509,0.860732
1
1
0.000000,0.900000,0.854282,0.780347,105.114006,172.039524,0.862621
1
1
0.000000,0.900000,0.855407,0.775900,104.201794,171.757922,0.864362
1
1
0.000000,0.900000,0.856382,0.771821,103.447515,171.500049,0.865921
1
1
0.000000,0.900000,0.857186,0.768240,102.662252,171.273953,0.867253
1
1
0.000000,0.900000,0.857835,0.765162,101.911306,171.079729,0.868367
1
1
0.000000,0.900000,0.858396,0.762334,101.227035,170.901312,0.869365
1
1
0.000000,0.900000,0.858881,0.759758,100.667785,170.738905,0.870255
1
1
0.000000,0.900000,0.859268,0.757564,100.023958,170.600556,0.870993
1
1
0.000000,0.900000,0.859632,0.755366,99.409579,170.461934,0.871715
1
1
0.000000,0.900000,0.859936,0.753424,98.912755,170.339446,0.872339
1
1
0.000000,0.900000,0.860206,0.751609,98.443138,170.224964,0.872911
1
1
0.000000,0.900000,0.860422,0.750051,97.924743,170.126670,0.873391
1
1
0.000000,0.900000,0.860644,0.748362,97.473187,170.020043,0.873900
1
1
0.000000,0.900000,0.860855,0.746671,97.139152,169.913348,0.874403
1
1
0.000000,0.900000,0.861057,0.744979,96.792406,169.806570,0.874900
1
1
0.000000,0.900000,0.861188,0.743807,96.408678,169.732567,0.875238
1
1
0.000000,0.900000,0.861297,0.742764,95.952360,169.666678,0.875531
1
1
0.000000,0.900000,0.861408,0.741590,95.451028,169.592428,0.875853
1
1
0.000000,0.900000,0.861499,0.740546,94.967497,169.526307,0.876132
1
1
0.000000,0.900000,0.861583,0.739500,94.587527,169.460118,0.876405
1
1
0.000000,0.900000,0.861671,0.738324,94.284510,169.385595,0.876707
1
1
0.000000,0.900000,0.861734,0.737409,93.981733,169.327589,0.876939
1
1
0.000000,0.900000,0.861793,0.736493,93.678744,169.269528,0.877167
1
1
0.000000,0.900000,0.861847,0.735578,93.392886,169.211426,0.877391
1
1
0.000000,0.900000,0.861898,0.734662,93.170882,169.153297,0.877613
1
1
0.000000,0.900000,0.861940,0.733876,93.057943,169.103474,0.877803
1
1
0.000000,0.900000,0.861960,0.733484,92.916930,169.078555,0.877897
1
1
0.000000,0.900000,0.862006,0.732567,92.898522,169.020426,0.878116
1
1
0.000000,0.900000,0.862053,0.731651,92.919519,168.962324,0.878337
1
1
0.000000,0.900000,0.862073,0.731259,92.919075,168.937433,0.878432
1
1
0.000000,0.900000,0.862093,0.730866,92.910796,168.912556,0.878527
1
1
0.000000,0.900000,0.862106,0.730604,92.889013,168.895957,0.878591
1
1
0.000000,0.900000,0.862140,0.729950,92.980176,168.854522,0.878750
1
1
0.000000,0.900000,0.862161,0.729557,93.076133,168.829672,0.878847
1
1
0.000000,0.900000,0.862161,0.729557,93.009684,168.829672,0.878847
1
1
0.000000,0.900000,0.862161,0.729557,92.870372,168.829672,0.878847
1
1
0.000000,0.900000,0.862148,0.729819,92.822838,168.846257,0.878784
1
1
0.000000,0.900000,0.862135,0.730081,92.785699,168.862842,0.878721
1
1
0.000000,0.900000,0.862117,0.730473,92.697563,168.887733,0.878627
1
1
0.000000,0.900000,0.862092,0.730997,92.672808,168.920944,0.878502
1
1
0.000000,0.900000,0.862069,0.731521,92.552889,168.954182,0.878378
1
1
0.000000,0.900000,0.862048,0.732045,92.336328,168.987447,0.878257
1
1
0.000000,0.900000,0.862013,0.732961,92.193765,169.045741,0.878048
1
1
0.000000,0.900000,0.861974,0.734009,92.127678,169.112408,0.877811
1
1
0.000000,0.900000,0.861926,0.735319,92.111462,169.195784,0.877517
1
1
0.000000,0.900000,0.861870,0.736891,92.058777,169.295949,0.877168
1
1
0.000000,0.900000,0.861812,0.738462,92.090731,169.396169,0.876821
1
1
0.000000,0.900000,0.861741,0.740427,92.092042,169.521553,0.876391
1
1
0.000000,0.900000,0.861665,0.742522,92.089283,169.655435,0.875937
1
1
0.000000,0.900000,0.861582,0.744749,92.129317,169.797813,0.875458
1
1
0.000000,0.900000,0.861493,0.747106,92.168075,169.948717,0.874955
1
1
0.000000,0.900000,0.861396,0.749595,92.237454,170.108159,0.874429
1
1
0.000000,0.900000,0.861299,0.751952,92.366001,170.259295,0.873931
1
1
0.000000,0.900000,0.861185,0.754570,92.513633,170.427344,0.873378
1
1
0.000000,0.900000,0.861050,0.757450,92.682979,170.612333,0.872770
1
1
0.000000,0.900000,0.860912,0.760199,92.874444,170.789015,0.872189
1
1
0.000000,0.900000,0.860773,0.762817,93.040989,170.957392,0.871637
1
1
0.000000,0.900000,0.860623,0.765434,93.287113,171.125837,0.871080
1
1
0.000000,0.900000,0.860439,0.768442,93.525135,171.319637,0.870438
1
1
0.000000,0.900000,0.860260,0.771189,93.716750,171.496716,0.869851
1
1
0.000000,0.900000,0.860069,0.773934,93.998598,171.673836,0.869259
1
1
0.000000,0.900000,0.859852,0.776810,94.326990,171.859412,0.868632
1
1
0.000000,0.900000,0.859623,0.779684,94.548291,172.045098,0.868002
1
1
0.000000,0.900000,0.859384,0.782557,94.764640,172.230892,0.867372
1
1
0.000000,0.900000,0.859143,0.785299,95.027806,172.408313,0.866766
1
1
0.000000,0.900000,0.858874,0.788170,95.367885,172.594203,0.866124
1
1
0.000000,0.900000,0.858594,0.791039,95.569616,172.780217,0.865481
1
1
0.000000,0.900000,0.858317,0.793778,95.799066,172.957869,0.864865
1
1
0.000000,0.900000,0.858008,0.796644,96.148155,173.143992,0.864211
1
1
0.000000,0.900000,0.857669,0.799640,96.467121,173.338639,0.863521
1
1
0.000000,0.900000,0.857345,0.802373,96.778020,173.516388,0.862885
1
1
0.000000,0.900000,0.856985,0.805233,97.173797,173.702579,0.862209
1
1
0.000000,0.900000,0.856591,0.808222,97.517723,173.897267,0.861494
1
1
0.000000,0.900000,0.856198,0.811078,97.834646,174.083540,0.860803
1
1
0.000000,0.900000,0.855749,0.814192,98.217835,174.286767,0.860040
1
1
0.000000,0.900000,0.855260,0.817431,98.583960,174.498491,0.859237
1
1
0.000000,0.900000,0.854774,0.820539,98.910016,174.701827,0.858459
1
1
0.000000,0.900000,0.854264,0.823643,99.326770,174.905163,0.857670
1
1
0.000000,0.900000,0.853692,0.827002,99.677219,175.125508,0.856807
1
1
0.000000,0.900000,0.853123,0.830229,99.997339,175.337491,0.855972
1
1
0.000000,0.900000,0.852535,0.833452,100.361429,175.549530,0.855128
1
1
0.000000,0.900000,0.851879,0.836929,100.676467,175.778672,0.854211
1
1
0.000000,0.900000,0.851230,0.840274,100.995413,175.999454,0.853323
1
1
0.000000,0.900000,0.850564,0.843616,101.275655,176.220413,0.852431
1
1
0.000000,0.900000,0.849855,0.847083,101.561609,176.450033,0.851501
1
1
0.000000,0.900000,0.849098,0.850674,101.924038,176.688302,0.850529
1
1
0.000000,0.900000,0.848256,0.854515,102.361046,176.943647,0.849475
1
1
0.000000,0.900000,0.847448,0.858094,102.729794,177.182106,0.848484
1
1
0.000000,0.900000,0.846583,0.861795,103.161944,177.429159,0.847445
1
1
0.000000,0.900000,0.845630,0.865745,103.570597,177.693383,0.846324
1
1
0.000000,0.900000,0.844713,0.869433,103.970323,177.940709,0.845266
1
1
0.000000,0.900000,0.843708,0.873370,104.328196,178.205275,0.844129
1
1
0.000000,0.900000,0.842681,0.877301,104.660154,178.470129,0.842986
1
1
0.000000,0.900000,0.841623,0.881223,105.091997,178.735105,0.841833
1
1
0.000000,0.900000,0.840505,0.885265,105.471470,179.008865,0.840634
1
1
0.000000,0.900000,0.839359,0.889300,105.862493,179.282844,0.839428
1
1
0.000000,0.900000,0.838184,0.893326,106.282437,179.557001,0.838211
1
1
0.000000,0.900000,0.836938,0.897467,106.758686,179.839860,0.836941
1
1
0.000000,0.900000,0.835702,0.901475,107.140945,-179.912129,0.835703
1
1
0.000000,0.900000,0.834439,0.905474,107.539598,-179.637357,0.834457
1
1
0.000000,0.900000,0.833022,0.909837,108.004639,-179.336657,0.833080
1
1
0.000000,0.900000,0.831609,0.914063,108.482821,-179.044358,0.831728
1
1
0.000000,0.900000,0.830036,0.918650,108.936277,-178.725993,0.830246
1
1
0.000000,0.900000,0.828424,0.923223,109.434159,-178.407368,0.828749
1
1
0.000000,0.900000,0.826592,0.928275,109.934685,-178.053976,0.827076
1
1
0.000000,0.900000,0.824672,0.933434,110.425545,-177.691471,0.825350
1
1
0.000000,0.900000,0.822657,0.938697,110.956393,-177.319908,0.823567
1
1
0.000000,0.900000,0.820452,0.944308,111.468087,-176.921829,0.821647
1
1
0.000000,0.900000,0.818195,0.949898,111.985266,-176.523081,0.819716
1
1
0.000000,0.900000,0.815787,0.955710,112.514856,-176.106299,0.817687
1
1
0.000000,0.900000,0.813325,0.961499,113.046919,-175.688766,0.815647
1
1
0.000000,0.900000,0.810645,0.967623,113.645684,-175.244430,0.813461
1
1
0.000000,0.900000,0.808008,0.973478,114.258691,-174.816856,0.811342
1
1
0.000000,0.900000,0.805363,0.979186,114.865673,-174.397383,0.809247
1
1
0.000000,0.900000,0.802712,0.984746,115.499233,-173.986148,0.807173
1
1
0.000000,0.900000,0.800059,0.990160,116.122343,-173.583178,0.805123
1
1
0.000000,0.900000,0.797226,0.995777,116.770548,-173.162230,0.802959
1
1
0.000000,0.900000,0.794492,1.001002,117.628825,-172.767689,0.800886
1
1
0.000000,0.900000,0.791863,1.005838,118.541432,-172.399815,0.798904
1
1
0.000000,0.900000,0.789276,1.010398,119.573290,-172.050221,0.796959
1
1
0.000000,0.900000,0.786742,1.014686,120.587033,-171.718891,0.795057
1
1
0.000000,0.900000,0.784414,1.018485,121.508808,-171.423067,0.793312
1
1
0.000000,0.900000,0.782312,1.021808,122.328259,-171.162572,0.791738
1
1
0.000000,0.900000,0.780236,1.024992,123.113010,-170.911285,0.790184
1
1
0.000000,0.900000,0.778267,1.027931,123.832405,-170.677771,0.788711
1
1
0.000000,0.900000,0.776411,1.030632,124.506949,-170.461934,0.787324
1
1
0.000000,0.900000,0.774902,1.032775,125.145469,-170.289637,0.786195
1
1
0.000000,0.900000,0.773449,1.034797,125.718728,-170.126274,0.785107
1
1
0.000000,0.900000,0.772056,1.036701,126.206945,-169.971723,0.784064
1
1
0.000000,0.900000,0.770803,1.038383,126.701951,-169.834590,0.783126
1
1
0.000000,0.900000,0.769695,1.039845,127.145127,-169.714807,0.782296
1
1
0.000000,0.900000,0.768496,1.041403,127.606075,-169.586704,0.781396
1
1
0.000000,0.900000,0.767284,1.042951,128.058745,-169.458834,0.780487
1
1
0.000000,0.900000,0.766305,1.044181,128.521415,-169.356756,0.779751
1
1
0.000000,0.900000,0.765234,1.045507,128.938730,-169.246372,0.778945
1
1
0.000000,0.900000,0.764239,1.046725,129.263611,-169.144594,0.778196
1
1
0.000000,0.900000,0.763404,1.047735,129.601498,-169.059907,0.777567
1
1
0.000000,0.900000,0.762561,1.048738,130.034605,-168.975425,0.776931
1
1
0.000000,0.900000,0.761797,1.049637,130.373940,-168.899523,0.776354
1
1
0.000000,0.900000,0.761199,1.050333,130.680584,-168.840588,0.775902
1
1
0.000000,0.900000,0.760511,1.051124,131.050930,-168.773401,0.775380
1
1
0.000000,0.900000,0.759732,1.052010,131.314171,-168.697894,0.774790
1
1
0.000000,0.900000,0.759732,1.052010,131.521278,-168.697894,0.774790
1
1
0.000000,0.900000,0.759121,1.052695,131.724163,-168.639342,0.774326
1
1
0.000000,0.900000,0.758597,1.053280,131.883318,-168.589177,0.773927
1
1
0.000000,0.900000,0.757984,1.053963,131.886488,-168.530597,0.773463
1
1
0.000000,0.900000,0.758509,1.053377,131.824014,-168.580844,0.773860
1
1
0.000000,0.900000,0.758683,1.053182,131.762565,-168.597593,0.773993
1
1
0.000000,0.900000,0.758073,1.053867,131.699750,-168.538903,0.773530
1
1
0.000000,0.900000,0.757460,1.054549,131.931912,-168.480282,0.773066
1
1
0.000000,0.900000,0.757372,1.054646,132.161314,-168.471921,0.772999
1
1
0.000000,0.900000,0.757372,1.054646,132.377833,-168.471921,0.772999
1
1
0.000000,0.900000,0.757460,1.054550,132.516974,-168.480241,0.773067
1
1
0.000000,0.900000,0.757460,1.054550,132.744696,-168.480241,0.773067
1
1
0.000000,0.900000,0.757640,1.054358,133.104632,-168.496799,0.773204
1
1
0.000000,0.900000,0.757819,1.054168,133.346958,-168.513302,0.773342
1
1
0.000000,0.900000,0.758000,1.053978,133.466768,-168.529777,0.773481
1
1
0.000000,0.900000,0.758451,1.053503,133.552357,-168.570898,0.773829
1
1
0.000000,0.900000,0.758994,1.052934,133.672741,-168.620134,0.774249
1
1
0.000000,0.900000,0.759448,1.052461,133.846842,-168.661036,0.774600
1
1
0.000000,0.900000,0.760267,1.051612,133.972144,-168.734480,0.775237
1
1
0.000000,0.900000,0.760995,1.050858,134.013114,-168.799617,0.775804
1
1
0.000000,0.900000,0.762090,1.049729,134.114536,-168.897050,0.776659
1
1
0.000000,0.900000,0.763095,1.048696,134.245085,-168.986040,0.777448
1
1
0.000000,0.900000,0.764466,1.047287,134.217502,-169.107135,0.778525
1
1
0.000000,0.900000,0.765838,1.045878,134.264607,-169.227847,0.779608
1
1
0.000000,0.900000,0.767211,1.044471,134.289320,-169.348176,0.780695
1
1
0.000000,0.900000,0.768855,1.042779,134.186313,-169.492304,0.782000
1
1
0.000000,0.900000,0.770497,1.041086,134.140493,-169.636022,0.783308
1
1
0.000000,0.900000,0.772410,1.039106,134.027718,-169.803305,0.784836
1
1
0.000000,0.900000,0.774408,1.037027,133.868563,-169.978185,0.786437
1
1
0.000000,0.900000,0.776309,1.035038,133.714231,-170.144744,0.787966
1
1
0.000000,0.900000,0.778114,1.033137,133.522835,-170.303134,0.789422
1
1
0.000000,0.900000,0.780182,1.030944,133.320619,-170.484995,0.791094
1
1
0.000000,0.900000,0.782240,1.028742,133.086968,-170.666568,0.792764
1
1
0.000000,0.900000,0.784202,1.026629,132.889384,-170.839945,0.794360
1
1
0.000000,0.900000,0.786156,1.024508,132.654777,-171.013076,0.795954
1
1
0.000000,0.900000,0.788276,1.022185,132.393967,-171.201753,0.797689
1
1
0.000000,0.900000,0.790298,1.019949,132.145740,-171.382288,0.799349
1
1
0.000000,0.900000,0.792398,1.017607,131.882417,-171.570474,0.801078
1
1
0.000000,0.900000,0.794399,1.015352,131.592495,-171.750640,0.802730
1
1
0.000000,0.900000,0.796474,1.012989,131.299376,-171.938484,0.804449
1
1
0.000000,0.900000,0.798449,1.010711,130.932800,-172.118487,0.806088
1
1
0.000000,0.900000,0.800497,1.008324,130.640132,-172.306167,0.807793
1
1
0.000000,0.900000,0.802447,1.006026,130.328407,-172.485923,0.809422
1
1
0.000000,0.900000,0.804552,1.003515,129.973183,-172.681254,0.811184
1
1
0.000000,0.900000,0.806559,1.001093,129.670133,-172.868619,0.812870
1
1
0.000000,0.900000,0.808552,0.998659,129.308325,-173.055944,0.814549
1
1
0.000000,0.900000,0.810524,0.996209,128.847444,-173.243447,0.816214
1
1
0.000000,0.900000,0.812564,0.993645,128.522713,-173.438641,0.817943
1
1
0.000000,0.900000,0.814511,0.991174,128.232805,-173.625843,0.819598
1
1
0.000000,0.900000,0.816518,0.988584,127.791119,-173.820968,0.821309
1
1
0.000000,0.900000,0.818506,0.985980,127.374365,-174.016148,0.823010
1
1
0.000000,0.900000,0.820479,0.983364,127.029456,-174.211233,0.824703
1
1
0.000000,0.900000,0.822356,0.980840,126.646554,-174.398517,0.826320
1
1
0.000000,0.900000,0.824370,0.978092,126.238311,-174.601457,0.828061
1
1
0.000000,0.900000,0.826367,0.975330,125.878798,-174.804287,0.829793
1
1
0.000000,0.900000,0.828268,0.972662,125.484776,-174.999304,0.831449
1
1
0.000000,0.900000,0.830228,0.969874,125.120701,-175.202066,0.833163
1
1
0.000000,0.900000,0.832172,0.967076,124.795901,-175.404651,0.834871
1
1
0.000000,0.900000,0.834174,0.964158,124.449121,-175.614886,0.836637
1
1
0.000000,0.900000,0.836157,0.961227,124.105332,-175.824970,0.838396
1
1
0.000000,0.900000,0.837978,0.958503,123.765218,-176.019358,0.840018
1
1
0.000000,0.900000,0.840072,0.955331,123.444818,-176.244635,0.841892
1
1
0.000000,0.900000,0.842078,0.952259,123.151917,-176.461823,0.843698
1
1
0.000000,0.900000,0.843997,0.949286,122.851954,-176.670993,0.845435
1
1
0.000000,0.900000,0.845971,0.946192,122.548740,-176.887649,0.847232
1
1
0.000000,0.900000,0.847928,0.943088,122.233927,-177.104045,0.849022
1
1
0.000000,0.900000,0.850003,0.939748,121.858376,-177.335742,0.850932
1
1
0.000000,0.900000,0.851922,0.936620,121.540434,-177.551728,0.852709
1
1
0.000000,0.900000,0.853888,0.933367,121.156645,-177.775297,0.854540
1
1
0.000000,0.900000,0.855966,0.929876,120.773088,-178.014112,0.856487
1
1
0.000000,0.900000,0.857954,0.926484,120.374093,-178.245071,0.858362
1
1
0.000000,0.900000,0.859916,0.923077,119.950317,-178.475935,0.860226
1
1
0.000000,0.900000,0.862050,0.919314,119.563960,-178.729668,0.862266
1
1
0.000000,0.900000,0.864093,0.915652,119.173558,-178.975450,0.864235
1
1
0.000000,0.900000,0.866051,0.912092,118.808676,-179.213294,0.866135
1
1
0.000000,0.900000,0.867984,0.908519,118.429641,-179.450920,0.868026
1
1
0.000000,0.900000,0.870078,0.904585,118.036562,-179.711306,0.870090
1
1
0.000000,0.900000,0.872022,0.900869,117.618428,-179.956173,0.872022
1
1
0.000000,0.900000,0.873999,0.897022,117.213669,179.818043,0.874004
1
1
0.000000,0.900000,0.876007,0.893044,116.788745,179.558285,0.876034
1
1
0.000000,0.900000,0.877983,0.889050,116.334723,179.298692,0.878051
1
1
0.000000,0.900000,0.879988,0.884925,115.930195,179.031735,0.880117
1
1
0.000000,0.900000,0.882074,0.880547,115.482293,178.749777,0.882288
1
1
0.000000,0.900000,0.884239,0.875917,115.067943,178.453011,0.884567
1
1
0.000000,0.900000,0.886429,0.871154,114.698963,178.149250,0.886898
1
1
0.000000,0.900000,0.888745,0.866016,114.276293,177.823276,0.889394
1
1
0.000000,0.900000,0.891079,0.860743,113.884171,177.490498,0.891943
1
1
0.000000,0.900000,0.893482,0.855214,113.501556,177.143472,0.894604
1
1
0.000000,0.900000,0.895900,0.849548,113.121073,176.789888,0.897320
1
1
0.000000,0.900000,0.898480,0.843382,112.710890,176.407260,0.900262
1
1
0.000000,0.900000,0.901016,0.837198,112.308241,176.025834,0.903202
1
1
0.000000,0.900000,0.903546,0.830870,111.795345,175.637768,0.906187
1
1
0.000000,0.900000,0.905972,0.824641,111.287599,175.258009,0.909100
1
1
0.000000,0.900000,0.908384,0.818268,110.736922,174.871501,0.912053
1
1
0.000000,0.900000,0.910681,0.811990,110.107133,174.492849,0.914923
1
1
0.000000,0.900000,0.912917,0.805692,109.556647,174.114852,0.917776
1
1
0.000000,0.900000,0.915004,0.799618,108.972288,173.752129,0.920494
1
1
0.000000,0.900000,0.916950,0.793774,108.419897,173.404665,0.923082
1
1
0.000000,0.900000,0.918873,0.787784,107.813946,173.050084,0.925700
1
1
0.000000,0.900000,0.920550,0.782267,106.913811,172.724492,0.928049
1
1
0.000000,0.900000,0.922065,0.776975,105.974311,172.412971,0.930236
1
1
0.000000,0.900000,0.923395,0.772040,105.094675,172.123104,0.932219
1
1
0.000000,0.900000,0.924482,0.767718,104.134259,171.869631,0.933898
1
1
0.000000,0.900000,0.925417,0.763764,103.300327,171.637975,0.935391
1
1
0.000000,0.900000,0.926236,0.760053,102.457515,171.420677,0.936749
1
1
0.000000,0.900000,0.926932,0.756717,101.787349,171.225524,0.937940
1
1
0.000000,0.900000,0.927516,0.753760,101.178011,171.052612,0.938974
1
1
0.000000,0.900000,0.927997,0.751183,100.587415,170.902009,0.939854
1
1
0.000000,0.900000,0.928433,0.748732,100.083590,170.758755,0.940675
1
1
0.000000,0.900000,0.928781,0.746664,99.583522,170.637948,0.941354
1
1
0.000000,0.900000,0.929113,0.744593,99.102881,170.516962,0.942020
1
1
0.000000,0.900000,0.929407,0.742649,98.605770,170.403368,0.942633
1
1
0.000000,0.900000,0.929701,0.740573,98.078379,170.282000,0.943272
1
1
0.000000,0.900000,0.929891,0.739144,97.583673,170.198434,0.943702
1
1
0.000000,0.900000,0.930069,0.737713,97.101658,170.114717,0.944122
1
1
0.000000,0.900000,0.930190,0.736672,96.598366,170.053719,0.944420
1
1
0.000000,0.900000,0.930316,0.735499,96.153586,169.984988,0.944748
1
1
0.000000,0.900000,0.930421,0.734456,95.761142,169.923812,0.945034
1
1
0.000000,0.900000,0.930509,0.733543,95.501453,169.870246,0.945280
1
1
0.000000,0.900000,0.930582,0.732760,95.333623,169.824317,0.945491
1
1
0.000000,0.900000,0.930629,0.732238,95.142083,169.793674,0.945629
1
1
0.000000,0.900000,0.930697,0.731454,94.980278,169.747704,0.945836
1
1
0.000000,0.900000,0.930752,0.730801,94.843104,169.709383,0.946007
1
1
0.000000,0.900000,0.930796,0.730279,94.797926,169.678727,0.946143
1
1
0.000000,0.900000,0.930840,0.729756,94.794435,169.648085,0.946280
1
1
0.000000,0.900000,0.930862,0.729495,94.770828,169.632757,0.946348
1
1
0.000000,0.900000,0.930883,0.729234,94.681831,169.617442,0.946417
1
1
0.000000,0.900000,0.930934,0.728581,94.478406,169.579095,0.946585
1
1
0.000000,0.900000,0.930924,0.728711,94.308233,169.586772,0.946552
1
1
0.000000,0.900000,0.930934,0.728581,94.201736,169.579095,0.946585
1
1
0.000000,0.900000,0.930951,0.728319,93.844361,169.563712,0.946649
1
1
0.000000,0.900000,0.930960,0.728188,93.606065,169.556021,0.946681
1
1
0.000000,0.900000,0.930952,0.728319,93.358972,169.563726,0.946650
1
1
0.000000,0.900000,0.930944,0.728450,93.371957,169.571431,0.946619
1
1
0.000000,0.900000,0.930928,0.728712,93.495149,169.586827,0.946555
1
1
0.000000,0.900000,0.930920,0.728842,93.592793,169.594532,0.946524
1
1
0.000000,0.900000,0.930904,0.729104,93.538278,169.609928,0.946461
1
1
0.000000,0.900000,0.930856,0.729889,93.502997,169.656145,0.946272
1
1
0.000000,0.900000,0.930817,0.730543,93.412518,169.694697,0.946116
1
1
0.000000,0.900000,0.930748,0.731721,93.345276,169.764138,0.945839
1
1
0.000000,0.900000,0.930679,0.732898,93.394703,169.833606,0.945561
1
1
0.000000,0.900000,0.930587,0.734468,93.337503,169.926299,0.945195
1
1
0.000000,0.900000,0.930475,0.736431,93.285808,170.042311,0.944743
1
1
0.000000,0.900000,0.930355,0.738524,93.279790,170.166179,0.944264
1
1
0.000000,0.900000,0.930241,0.740487,93.329183,170.282383,0.943818
1
1
0.000000,0.900000,0.930112,0.742711,93.331956,170.414229,0.943318
1
1
0.000000,0.900000,0.929950,0.745459,93.373562,170.577250,0.942704
1
1
0.000000,0.900000,0.929775,0.748337,93.489247,170.748195,0.942064
1
1
0.000000,0.900000,0.929593,0.751214,93.640096,170.919263,0.941424
1
1
0.000000,0.900000,0.929394,0.754222,93.787837,171.098241,0.940757
1
1
0.000000,0.900000,0.929187,0.757229,93.943973,171.277369,0.940091
1
1
0.000000,0.900000,0.928954,0.760498,94.083661,171.472262,0.939370
1
1
0.000000,0.900000,0.928706,0.763765,94.346642,171.667237,0.938645
1
1
0.000000,0.900000,0.928443,0.767031,94.610546,171.862322,0.937916
1
1
0.000000,0.900000,0.928180,0.770165,94.806812,172.049742,0.937217
1
1
0.000000,0.900000,0.927866,0.773690,95.100853,172.260674,0.936423
1
1
0.000000,0.900000,0.927545,0.777082,95.403535,172.463887,0.935654
1
1
0.000000,0.900000,0.927223,0.780343,95.642493,172.659409,0.934912
1
1
0.000000,0.900000,0.926887,0.783602,95.894825,172.855040,0.934167
1
1
0.000000,0.900000,0.926518,0.786990,96.231620,173.058540,0.933384
1
1
0.000000,0.900000,0.926116,0.790505,96.529936,173.269977,0.932566
1
1
0.000000,0.900000,0.925741,0.793628,96.858527,173.457985,0.931832
1
1
0.000000,0.900000,0.925296,0.797139,97.229051,173.669504,0.930996
1
1
0.000000,0.900000,0.924849,0.800517,97.541015,173.873291,0.930184
1
1
0.000000,0.900000,0.924401,0.803763,97.860562,174.069305,0.929397
1
1
0.000000,0.900000,0.923895,0.807265,98.229802,174.281029,0.928538
1
1
0.000000,0.900000,0.923413,0.810506,98.476151,174.477220,0.927739
1
1
0.000000,0.900000,0.922890,0.813873,98.827242,174.681294,0.926900
1
1
0.000000,0.900000,0.922283,0.817625,99.199856,174.908975,0.925954
1
1
0.000000,0.900000,0.921696,0.821115,99.551725,175.121027,0.925066
1
1
0.000000,0.900000,0.921088,0.824600,99.911839,175.333161,0.924168
1
1
0.000000,0.900000,0.920432,0.828211,100.293457,175.553191,0.923228
1
1
0.000000,0.900000,0.919776,0.831688,100.700040,175.765393,0.922309
1
1
0.000000,0.900000,0.919018,0.835546,101.120257,176.001202,0.921275
1
1
0.000000,0.900000,0.918241,0.839401,101.396579,176.237230,0.920239
1
1
0.000000,0.900000,0.917410,0.843378,101.815403,176.481195,0.919156
1
1
0.000000,0.900000,0.916581,0.847221,102.178113,176.717428,0.918099
1
1
0.000000,0.900000,0.915670,0.851315,102.560160,176.969535,0.916963
1
1
0.000000,0.900000,0.914729,0.855402,102.971156,177.221765,0.915815
1
1
0.000000,0.900000,0.913792,0.859355,103.339290,177.466277,0.914696
1
1
0.000000,0.900000,0.912742,0.863686,103.637572,177.734723,0.913464
1
1
0.000000,0.900000,0.911694,0.867882,104.028725,177.995464,0.912260
1
1
0.000000,0.900000,0.910615,0.872070,104.458280,178.256328,0.911043
1
1
0.000000,0.900000,0.909446,0.876506,104.775381,178.533313,0.909749
1
1
0.000000,0.900000,0.908279,0.880806,105.186917,178.802578,0.908482
1
1
0.000000,0.900000,0.907043,0.885224,105.634259,179.079891,0.907164
1
1
0.000000,0.900000,0.905773,0.889631,106.086874,179.357367,0.905832
1
1
0.000000,0.900000,0.904399,0.894282,106.469133,179.650978,0.904417
1
1
0.000000,0.900000,0.903024,0.898795,106.949331,179.936815,0.903025
1
1
0.000000,0.900000,0.901575,0.903423,107.393811,-179.795707,0.901581
1
1
0.000000,0.900000,0.900092,0.908040,107.813489,-179.501454,0.900128
1
1
0.000000,0.900000,0.898574,0.912645,108.253624,-179.206955,0.898663
1
1
0.000000,0.900000,0.896935,0.917487,108.711813,-178.896282,0.897105
1
1
0.000000,0.900000,0.895261,0.922316,109.125829,-178.585240,0.895539
1
1
0.000000,0.900000,0.893458,0.927378,109.613902,-178.257981,0.893877
1
1
0.000000,0.900000,0.891438,0.932919,110.035677,-177.898249,0.892045
1
1
0.000000,0.900000,0.889276,0.938687,110.552897,-177.522042,0.890117
1
1
0.000000,0.900000,0.887020,0.944559,111.025704,-177.137215,0.888138
1
1
0.000000,0.900000,0.884563,0.950776,111.569058,-176.727728,0.886020
1
1
0.000000,0.900000,0.882045,0.956967,112.146757,-176.317655,0.883882
1
1
0.000000,0.900000,0.879310,0.963495,112.735323,-175.882813,0.881600
1
1
0.000000,0.900000,0.876608,0.969751,113.373419,-175.463518,0.879378
1
1
0.000000,0.900000,0.873728,0.976216,114.017383,-175.027555,0.877046
1
1
0.000000,0.900000,0.870666,0.982886,114.669823,-174.574776,0.874602
1
1
0.000000,0.900000,0.867636,0.989282,115.357169,-174.137626,0.872217
1
1
0.000000,0.900000,0.864472,0.995759,116.038216,-173.691827,0.869760
1
1
0.000000,0.900000,0.861468,1.001729,116.722310,-173.277969,0.867453
1
1
0.000000,0.900000,0.858392,1.007664,117.401977,-172.863729,0.865118
1
1
0.000000,0.900000,0.855349,1.013319,118.294858,-172.465937,0.862823
1
1
0.000000,0.900000,0.852401,1.018578,119.287877,-172.093063,0.860609
1
1
0.000000,0.900000,0.849361,1.023784,120.288423,-171.720858,0.858334
1
1
0.000000,0.900000,0.846582,1.028383,121.148872,-171.389488,0.856261
1
1
0.000000,0.900000,0.843938,1.032604,122.069867,-171.082995,0.854293
1
1
0.000000,0.900000,0.841515,1.036343,122.959196,-170.809425,0.852488
1
1
0.000000,0.900000,0.839195,1.039837,123.593877,-170.552154,0.850766
1
1
0.000000,0.900000,0.837051,1.042975,124.350813,-170.319501,0.849174
1
1
0.000000,0.900000,0.835019,1.045872,125.058077,-170.103337,0.847664
1
1
0.000000,0.900000,0.833262,1.048321,125.659683,-169.919509,0.846359
1
1
0.000000,0.900000,0.831483,1.050755,126.181944,-169.735927,0.845039
1
1
0.000000,0.900000,0.829914,1.052855,126.760162,-169.576608,0.843873
1
1
0.000000,0.900000,0.828484,1.054731,127.315293,-169.433533,0.842810
1
1
0.000000,0.900000,0.827036,1.056594,127.878429,-169.290826,0.841731
1
1
0.000000,0.900000,0.825733,1.058236,128.444543,-169.164294,0.840757
1
1
0.000000,0.900000,0.824333,1.059970,128.940943,-169.030167,0.839711
1
1
0.000000,0.900000,0.823170,1.061389,129.332232,-168.919851,0.838841
1
1
0.000000,0.900000,0.821914,1.062901,129.721240,-168.801844,0.837902
1
1
0.000000,0.900000,0.820816,1.064204,130.113554,-168.699725,0.837080
1
1
0.000000,0.900000,0.819711,1.065501,130.447835,-168.597743,0.836252
1
1
0.000000,0.900000,0.818685,1.066693,130.751705,-168.503698,0.835483
1
1
0.000000,0.900000,0.817651,1.067878,131.104729,-168.409817,0.834707
1
1
0.000000,0.900000,0.816783,1.068860,131.454993,-168.331728,0.834056
1
1
0.000000,0.900000,0.815909,1.069837,131.858454,-168.253817,0.833398
1
1
0.000000,0.900000,0.814941,1.070905,132.201219,-168.168284,0.832669
1
1
0.000000,0.900000,0.814321,1.071581,132.485662,-168.113925,0.832202
1
1
0.000000,0.900000,0.813787,1.072159,132.766581,-168.067422,0.831798
1
1
0.000000,0.900000,0.813071,1.072925,133.091900,-168.005563,0.831257
1
1
0.000000,0.900000,0.812351,1.073687,133.365141,-167.943800,0.830712
1
1
0.000000,0.900000,0.811809,1.074256,133.614325,-167.897542,0.830301
1
1
0.000000,0.900000,0.811446,1.074635,133.777688,-167.866736,0.830026
1
1
0.000000,0.900000,0.810993,1.075108,133.845899,-167.828224,0.829682
1
1
0.000000,0.900000,0.810719,1.075390,134.123949,-167.805178,0.829474
1
1
0.000000,0.900000,0.810444,1.075671,134.302066,-167.782158,0.829265
1
1
0.000000,0.900000,0.810169,1.075953,134.379144,-167.759152,0.829056
1
1
0.000000,0.900000,0.810078,1.076046,134.486823,-167.751488,0.828986
1
1
0.000000,0.900000,0.810078,1.076046,134.613163,-167.751488,0.828986
1
1
0.000000,0.900000,0.810078,1.076046,134.565362,-167.751488,0.828986
1
1
0.000000,0.900000,0.810353,1.075765,134.481017,-167.774480,0.829196
1
1
0.000000,0.900000,0.810261,1.075859,134.490675,-167.766816,0.829126
1
1
0.000000,0.900000,0.810077,1.076046,134.554652,-167.751502,0.828986
1
1
0.000000,0.900000,0.810169,1.075952,134.642139,-167.759152,0.829056
1
1
0.000000,0.900000,0.810446,1.075673,134.746239,-167.782076,0.829267
1
1
0.000000,0.900000,0.810724,1.075395,134.928332,-167.804932,0.829480
1
1
0.000000,0.900000,0.811002,1.075117,135.054522,-167.827746,0.829693
1
1
0.000000,0.900000,0.811467,1.074655,135.225890,-167.865670,0.830050
1
1
0.000000,0.900000,0.812214,1.073919,135.424308,-167.926149,0.830626
1
1
0.000000,0.900000,0.812962,1.073184,135.506768,-167.986478,0.831204
1
1
0.000000,0.900000,0.813991,1.072175,135.552957,-168.069252,0.832001
1
1
0.000000,0.900000,0.815115,1.071075,135.664393,-168.159267,0.832874
1
1
0.000000,0.900000,0.816522,1.069702,135.682590,-168.271482,0.833970
1
1
0.000000,0.900000,0.817834,1.068419,135.652207,-168.375991,0.834995
1
1
0.000000,0.900000,0.819521,1.066770,135.673328,-168.509941,0.836317
1
1
0.000000,0.900000,0.821396,1.064938,135.668136,-168.658290,0.837792
1
1
0.000000,0.900000,0.823173,1.063195,135.569775,-168.798907,0.839194
1
1
0.000000,0.900000,0.825137,1.061266,135.522807,-168.953868,0.840748
1
1
0.000000,0.900000,0.827189,1.059240,135.383242,-169.115864,0.842377
1
1
0.000000,0.900000,0.829424,1.057027,135.289675,-169.292069,0.844157
1
1
0.000000,0.900000,0.831652,1.054807,135.119905,-169.467891,0.845938
1
1
0.000000,0.900000,0.833873,1.052580,134.924274,-169.643372,0.847718
1
1
0.000000,0.900000,0.836270,1.050158,134.711156,-169.833142,0.849644
1
1
0.000000,0.900000,0.838568,1.047822,134.549378,-170.015166,0.851498
1
1
0.000000,0.900000,0.840857,1.045478,134.324703,-170.196876,0.853349
1
1
0.000000,0.900000,0.843409,1.042841,134.077692,-170.400048,0.855420
1
1
0.000000,0.900000,0.845770,1.040384,133.863058,-170.588316,0.857342
1
1
0.000000,0.900000,0.848120,1.037916,133.597194,-170.776351,0.859260
1
1
0.000000,0.900000,0.850547,1.035341,133.331698,-170.971340,0.861248
1
1
0.000000,0.900000,0.852872,1.032850,133.030629,-171.158911,0.863157
1
1
0.000000,0.900000,0.855183,1.030346,132.706772,-171.346372,0.865060
1
1
0.000000,0.900000,0.857572,1.027735,132.460662,-171.540747,0.867032
1
1
0.000000,0.900000,0.859857,1.025207,132.131955,-171.727798,0.868925
1
1
0.000000,0.900000,0.862297,1.022467,131.693439,-171.929358,0.870951
1
1
0.000000,0.900000,0.864636,1.019811,131.382096,-172.123541,0.872898
1
1
0.000000,0.900000,0.867047,1.017045,131.078854,-172.324691,0.874911
1
1
0.000000,0.900000,0.869435,1.014258,130.612167,-172.525978,0.876911
1
1
0.000000,0.900000,0.871637,1.011657,130.249608,-172.712852,0.878759
1
1
0.000000,0.900000,0.873991,1.008842,129.920054,-172.913948,0.880742
1
1
0.000000,0.900000,0.876239,1.006110,129.448586,-173.108049,0.882640
1
1
0.000000,0.900000,0.878550,1.003259,129.031490,-173.309377,0.884597
1
1
0.000000,0.900000,0.880757,1.000493,128.610447,-173.503560,0.886472
1
1
0.000000,0.900000,0.882948,0.997714,128.253680,-173.697688,0.888338
1
1
0.000000,0.900000,0.885280,0.994713,127.867144,-173.906147,0.890332
1
1
0.000000,0.900000,0.887432,0.991904,127.470554,-174.100234,0.892179
1
1
0.000000,0.900000,0.889570,0.989084,127.165441,-174.294130,0.894019
1
1
0.000000,0.900000,0.891768,0.986146,126.814302,-174.495130,0.895919
1
1
0.000000,0.900000,0.894028,0.983090,126.482754,-174.703139,0.897880
1
1
0.000000,0.900000,0.896191,0.980125,126.128801,-174.903852,0.899765
1
1
0.000000,0.900000,0.898336,0.977148,125.787062,-175.104442,0.901643
1
1
0.000000,0.900000,0.900542,0.974053,125.477317,-175.311985,0.903581
1
1
0.000000,0.900000,0.902652,0.971050,125.112955,-175.512289,0.905444
1
1
0.000000,0.900000,0.904745,0.968036,124.791871,-175.712414,0.907300
1
1
0.000000,0.900000,0.906972,0.964796,124.510870,-175.926556,0.909284
1
1
0.000000,0.900000,0.909179,0.961542,124.142723,-176.140562,0.911259
1
1
0.000000,0.900000,0.911436,0.958164,123.764057,-176.361576,0.913290
1
1
0.000000,0.900000,0.913598,0.954880,123.365759,-176.575390,0.915245
1
1
0.000000,0.900000,0.915811,0.951473,123.015071,-176.796131,0.917256
1
1
0.000000,0.900000,0.918001,0.948050,122.619588,-177.016790,0.919257
1
1
0.000000,0.900000,0.920305,0.944390,122.207178,-177.251574,0.921375
1
1
0.000000,0.900000,0.922521,0.940830,121.902980,-177.478886,0.923424
1
1
0.000000,0.900000,0.924781,0.937142,121.511773,-177.713151,0.925527
1
1
0.000000,0.900000,0.927016,0.933439,121.116467,-177.947253,0.927618
1
1
0.000000,0.900000,0.929291,0.929608,120.715191,-178.188267,0.929762
1
1
0.000000,0.900000,0.931606,0.925647,120.315063,-178.436167,0.931959
1
1
0.000000,0.900000,0.933825,0.921783,119.877516,-178.676866,0.934079
1
1
0.000000,0.900000,0.936083,0.917790,119.496800,-178.924397,0.936252
1
1
0.000000,0.900000,0.938373,0.913665,119.047901,-179.178868,0.938473
1
1
0.000000,0.900000,0.940633,0.909523,118.621939,-179.433147,0.940681
1
1
0.000000,0.900000,0.942865,0.905367,118.251852,-179.687099,0.942880
1
1
0.000000,0.900000,0.945130,0.901079,117.854347,-179.947826,0.945131
1
1
0.000000,0.900000,0.947426,0.896660,117.464574,179.811253,0.947432
1
1
0.000000,0.900000,0.949697,0.892228,117.136537,179.544323,0.949729
1
1
0.000000,0.900000,0.951877,0.887896,116.725507,179.284675,0.951954
1
1
0.000000,0.900000,0.954144,0.883315,116.336977,179.011365,0.954290
1
1
0.000000,0.900000,0.956551,0.878364,115.932327,178.717441,0.956795
1
1
0.000000,0.900000,0.958921,0.873396,115.509971,178.423953,0.959290
1
1
0.000000,0.900000,0.961481,0.867938,115.144119,178.103225,0.962016
1
1
0.000000,0.900000,0.964060,0.862344,114.754688,177.776267,0.964795
1
1
0.000000,0.900000,0.966759,0.856373,114.333302,177.429213,0.967743
1
1
0.000000,0.900000,0.969469,0.850263,113.923802,177.076121,0.970744
1
1
0.000000,0.900000,0.972188,0.844013,113.524938,176.717100,0.973799
1
1
0.000000,0.900000,0.974947,0.837496,112.950634,176.344772,0.976948
1
1
0.000000,0.900000,0.977853,0.830472,112.484350,175.945915,0.980322
1
1
0.000000,0.900000,0.980541,0.823784,111.907041,175.568341,0.983499
1
1
0.000000,0.900000,0.983258,0.816825,111.330721,175.177680,0.986769
1
1
0.000000,0.900000,0.985858,0.809962,110.760563,174.794533,0.989961
1
1
0.000000,0.900000,0.988388,0.803072,110.172229,174.411946,0.993130
1
1
0.000000,0.900000,0.990760,0.796404,109.585152,174.043540,0.996161
1
1
0.000000,0.900000,0.992976,0.789959,108.982616,173.689122,0.999054
1
1
0.000000,0.900000,0.995111,0.783487,108.270885,173.334691,1.001909
1
1
0.000000,0.900000,0.996946,0.777607,107.337102,173.013690,1.004431
1
1
0.000000,0.900000,0.998647,0.771823,106.391072,172.698767,1.006839
1
1
0.000000,0.900000,1.000186,0.766266,105.488219,172.396878,1.009087
1
1
0.000000,0.900000,1.001476,0.761320,104.630236,172.128746,1.011032
1
1
0.000000,0.900000,1.002595,0.756736,103.732000,171.880560,1.012779
1
1
0.000000,0.900000,1.003500,0.752776,102.876483,171.666281,1.014243
1
1
0.000000,0.900000,1.004304,0.749061,102.209240,171.465486,1.015583
1
1
0.000000,0.900000,1.005010,0.745593,101.516308,171.278161,1.016802
1
1
0.000000,0.900000,1.005603,0.742504,100.872146,171.111342,1.017861
1
1
0.000000,0.900000,1.006119,0.739667,100.317651,170.958211,1.018814
1
1
0.000000,0.900000,1.006544,0.737214,99.834755,170.825805,1.019622
1
1
0.000000,0.900000,1.006950,0.734757,99.390931,170.693249,1.020418
1
1
0.000000,0.900000,1.007295,0.732556,98.926164,170.574504,1.021118
1
1
0.000000,0.900000,1.007586,0.730612,98.511110,170.469626,1.021725
1
1
0.000000,0.900000,1.007827,0.728925,98.145470,170.378627,1.022244
1
1
0.000000,0.900000,1.008038,0.727367,97.722930,170.294528,1.022714
1
1
0.000000,0.900000,1.008222,0.725937,97.348253,170.217327,1.023137
1
1
0.000000,0.900000,1.008400,0.724506,97.068448,170.140099,1.023556
1
1
0.000000,0.900000,1.008571,0.723074,96.842987,170.062831,1.023972
1
1
0.000000,0.900000,1.008722,0.721773,96.621447,169.992557,1.024346
1
1
0.000000,0.900000,1.008838,0.720731,96.347195,169.936299,1.024642
1
1
0.000000,0.900000,1.008921,0.719949,96.064418,169.894058,1.024861
1
1
0.000000,0.900000,1.009014,0.719036,95.821880,169.844754,1.025113
1
1
0.000000,0.900000,1.009102,0.718123,95.527225,169.795395,1.025361
1
1
0.000000,0.900000,1.009186,0.717209,95.255411,169.745996,1.025607
1
1
0.000000,0.900000,1.009244,0.716556,95.063318,169.710695,1.025780
1
1
0.000000,0.900000,1.009334,0.715512,94.966780,169.654205,1.026056
1
1
0.000000,0.900000,1.009357,0.715251,94.917674,169.640079,1.026125
1
1
0.000000,0.900000,1.009378,0.714989,94.735145,169.625953,1.026194
1
1
0.000000,0.900000,1.009399,0.714728,94.462231,169.611800,1.026261
1
1
0.000000,0.900000,1.009642,0.711461,94.270903,169.434967,1.027095
1
1
0.000000,0.900000,1.009623,0.711722,94.157077,169.449107,1.027029
1
1
0.000000,0.900000,1.009586,0.712245,94.035900,169.477427,1.026897
1
1
0.000000,0.900000,1.009603,0.711984,93.527991,169.463232,1.026960
1
1
0.000000,0.900000,1.009617,0.711722,93.080355,169.449025,1.027022
1
1
0.000000,0.900000,1.009598,0.712115,92.657152,169.470377,1.026932
1
1
0.000000,0.900000,1.009587,0.712376,92.548736,169.484626,1.026873
1
1
0.000000,0.900000,1.009581,0.712507,92.482908,169.491757,1.026843
1
1
0.000000,0.900000,1.009575,0.712638,92.462983,169.498875,1.026814
1
1
0.000000,0.900000,1.009564,0.712900,92.523483,169.513124,1.026755
1
1
0.000000,0.900000,1.009546,0.713293,92.646223,169.534504,1.026666
1
1
0.000000,0.900000,1.009546,0.713293,92.761621,169.534504,1.026666
1
1
0.000000,0.900000,1.009539,0.713424,92.795576,169.541622,1.026636
1
1
0.000000,0.900000,1.009508,0.714078,92.793636,169.577223,1.026486
1
1
0.000000,0.900000,1.009469,0.714864,92.849327,169.619956,1.026305
1
1
0.000000,0.900000,1.009409,0.716042,92.928631,169.684055,1.026034
1
1
0.000000,0.900000,1.009328,0.717612,92.935667,169.769575,1.025675
1
1
0.000000,0.900000,1.009236,0.719445,92.893064,169.869440,1.025260
1
1
0.000000,0.900000,1.009130,0.721539,92.907955,169.983663,1.024788
1
1
0.000000,0.900000,1.008999,0.724026,93.019568,170.119375,1.024229
1
1
0.000000,0.900000,1.008859,0.726643,93.059494,170.262383,1.023645
1
1
0.000000,0.900000,1.008711,0.729392,93.102104,170.412671,1.023037
1
1
0.000000,0.900000,1.008542,0.732401,93.207679,170.577414,1.022373
1
1
0.000000,0.900000,1.008350,0.735672,93.376773,170.756610,1.021652
1
1
0.000000,0.900000,1.008149,0.738942,93.517929,170.935957,1.020933
1
1
0.000000,0.900000,1.007924,0.742474,93.648703,171.129839,1.020160
1
1
0.000000,0.900000,1.007695,0.745874,93.860461,171.316659,1.019414
1
1
0.000000,0.900000,1.007441,0.749403,94.132971,171.510746,1.018634
1
1
0.000000,0.900000,1.007163,0.753062,94.353384,171.712170,1.017825
1
1
0.000000,0.900000,1.006859,0.756851,94.589391,171.920916,1.016984
1
1
0.000000,0.900000,1.006546,0.760507,94.897770,172.122558,1.016166
1
1
0.000000,0.900000,1.006214,0.764162,95.191353,172.324282,1.015342
1
1
0.000000,0.900000,1.005840,0.768076,95.466534,172.540541,1.014455
1
1
0.000000,0.900000,1.005455,0.771857,95.826423,172.749656,1.013588
1
1
0.000000,0.900000,1.005045,0.775635,96.196769,172.958798,1.012710
1
1
0.000000,0.900000,1.004598,0.779542,96.530544,173.175249,1.011795
1
1
0.000000,0.900000,1.004142,0.783315,96.911267,173.384514,1.010898
1
1
0.000000,0.900000,1.003640,0.787215,97.329981,173.601006,1.009958
1
1
0.000000,0.900000,1.003150,0.790851,97.690102,173.803113,1.009070
1
1
0.000000,0.900000,1.002622,0.794615,97.982715,174.012556,1.008146
1
1
0.000000,0.900000,1.002053,0.798506,98.342044,174.229266,1.007179
1
1
0.000000,0.900000,1.001458,0.802392,98.702903,174.446059,1.006204
1
1
0.000000,0.900000,1.000881,0.806016,99.059956,174.648452,1.005284
1
1
0.000000,0.900000,1.000259,0.809766,99.415993,174.858141,1.004321
1
1
0.000000,0.900000,0.999569,0.813770,99.786278,175.082338,1.003282
1
1
0.000000,0.900000,0.998871,0.817639,100.232335,175.299308,1.002261
1
1
0.000000,0.900000,0.998203,0.821247,100.509908,175.501947,1.001304
1
1
0.000000,0.900000,0.997457,0.825108,100.933964,175.719054,1.000265
1
1
0.000000,0.900000,0.996657,0.829091,101.365937,175.943401,0.999176
1
1
0.000000,0.900000,0.995860,0.832941,101.706296,176.160631,0.998115
1
1
0.000000,0.900000,0.995012,0.836915,102.048104,176.385196,0.997010
1
1
0.000000,0.900000,0.994085,0.841139,102.380950,176.624421,0.995827
1
1
0.000000,0.900000,0.993187,0.845101,102.779262,176.849219,0.994703
1
1
0.000000,0.900000,0.992267,0.849059,103.095256,177.074167,0.993574
1
1
0.000000,0.900000,0.991261,0.853265,103.468301,177.313733,0.992362
1
1
0.000000,0.900000,0.990159,0.857718,103.899816,177.567904,0.991062
1
1
0.000000,0.900000,0.989128,0.861783,104.242300,177.800461,0.989866
1
1
0.000000,0.900000,0.987998,0.866093,104.703092,178.047582,0.988579
1
1
0.000000,0.900000,0.986803,0.870522,105.099853,178.302107,0.987243
1
1
0.000000,0.900000,0.985612,0.874816,105.517160,178.549474,0.985933
1
1
0.000000,0.900000,0.984322,0.879355,105.866933,178.811609,0.984539
1
1
0.000000,0.900000,0.983039,0.883759,106.246992,179.066667,0.983174
1
1
0.000000,0.900000,0.981693,0.888281,106.594019,179.329239,0.981763
1
1
0.000000,0.900000,0.980314,0.892793,106.994748,179.592002,0.980341
1
1
0.000000,0.900000,0.978867,0.897421,107.370190,179.862306,0.978871
1
1
0.000000,0.900000,0.977348,0.902164,107.772429,-179.886391,0.977350
1
1
0.000000,0.900000,0.975752,0.907020,108.196356,-179.601032,0.975778
1
1
0.000000,0.900000,0.974158,0.911738,108.672619,-179.322845,0.974229
1
1
0.000000,0.900000,0.972399,0.916816,109.117550,-179.022472,0.972545
1
1
0.000000,0.900000,0.970555,0.922002,109.586525,-178.714531,0.970804
1
1
0.000000,0.900000,0.968586,0.927422,109.967308,-178.391439,0.968974
1
1
0.000000,0.900000,0.966481,0.933071,110.444132,-178.053306,0.967047
1
1
0.000000,0.900000,0.964247,0.938952,110.812490,-177.699804,0.965033
1
1
0.000000,0.900000,0.961969,0.944816,111.233828,-177.345687,0.963013
1
1
0.000000,0.900000,0.959449,0.951148,111.714033,-176.961488,0.960811
1
1
0.000000,0.900000,0.956831,0.957582,112.145930,-176.569079,0.958562
1
1
0.000000,0.900000,0.954108,0.964115,112.642242,-176.168568,0.956259
1
1
0.000000,0.900000,0.951214,0.970859,113.232659,-175.752647,0.953849
1
1
0.000000,0.900000,0.948200,0.977695,113.798828,-175.328598,0.951378
1
1
0.000000,0.900000,0.945111,0.984496,114.436938,-174.904002,0.948880
1
1
0.000000,0.900000,0.942056,0.991026,115.077643,-174.493805,0.946444
1
1
0.000000,0.900000,0.938812,0.997755,115.747051,-174.068253,0.943888
1
1
0.000000,0.900000,0.935784,1.003860,116.389191,-173.679600,0.941530
1
1
0.000000,0.900000,0.932687,1.009931,117.036672,-173.290606,0.939143
1
1
0.000000,0.900000,0.929520,1.015966,117.699317,-172.901325,0.936726
1
1
0.000000,0.900000,0.926448,1.021605,118.586337,-172.534831,0.934395
1
1
0.000000,0.900000,0.923345,1.027077,119.568359,-172.176452,0.932048
1
1
0.000000,0.900000,0.920295,1.032278,120.398944,-171.833319,0.929753
1
1
0.000000,0.900000,0.917570,1.036757,121.320281,-171.535542,0.927706
1
1
0.000000,0.900000,0.914984,1.040859,122.242588,-171.260825,0.925763
1
1
0.000000,0.900000,0.912629,1.044486,122.996820,-171.016259,0.923996
1
1
0.000000,0.900000,0.910369,1.047863,123.806721,-170.787130,0.922299
1
1
0.000000,0.900000,0.908216,1.050994,124.524204,-170.573247,0.920682
1
1
0.000000,0.900000,0.906329,1.053674,125.154909,-170.389242,0.919265
1
1
0.000000,0.900000,0.904572,1.056123,125.668003,-170.220169,0.917946
1
1
0.000000,0.900000,0.902789,1.058553,126.282028,-170.051505,0.916606
1
1
0.000000,0.900000,0.901217,1.060651,126.848620,-169.905151,0.915424
1
1
0.000000,0.900000,0.899708,1.062631,127.321850,-169.766351,0.914288
1
1
0.000000,0.900000,0.898261,1.064495,127.821761,-169.635134,0.913199
1
1
0.000000,0.900000,0.896798,1.066346,128.338804,-169.504217,0.912096
1
1
0.000000,0.900000,0.895570,1.067880,128.689942,-169.395240,0.911169
1
1
0.000000,0.900000,0.894332,1.069408,129.025561,-169.286372,0.910236
1
1
0.000000,0.900000,0.893252,1.070725,129.372916,-169.192150,0.909420
1
1
0.000000,0.900000,0.892162,1.072035,129.749642,-169.098105,0.908598
1
1
0.000000,0.900000,0.891066,1.073339,130.080617,-169.004196,0.907769
1
1
0.000000,0.900000,0.890046,1.074536,130.415307,-168.917624,0.906998
1
1
0.000000,0.900000,0.889105,1.075629,130.753412,-168.838415,0.906286
1
1
0.000000,0.900000,0.888159,1.076716,131.035875,-168.759302,0.905569
1
1
0.000000,0.900000,0.887208,1.077800,131.277504,-168.680258,0.904849
1
1
0.000000,0.900000,0.886427,1.078684,131.467015,-168.615598,0.904257
1
1
0.000000,0.900000,0.886165,1.078977,131.789246,-168.594095,0.904058
1
1
0.000000,0.900000,0.883620,1.081800,132.043498,-168.386333,0.902129
1
1
0.000000,0.900000,0.883003,1.082479,132.286179,-168.336182,0.901661
1
1
0.000000,0.900000,0.882473,1.083060,132.359185,-168.293190,0.901260
1
1
0.000000,0.900000,0.882034,1.083546,132.105644,-168.257233,0.900929
1
1
0.000000,0.900000,0.881596,1.084034,131.944248,-168.221194,0.900600
1
1
0.000000,0.900000,0.881422,1.084229,131.751049,-168.206740,0.900469
1
1
0.000000,0.900000,0.880986,1.084719,131.651730,-168.170551,0.900143
1
1
0.000000,0.900000,0.880637,1.085110,131.789847,-168.141630,0.899882
1
1
0.000000,0.900000,0.880462,1.085305,131.890846,-168.127176,0.899751
1
1
0.000000,0.900000,0.880199,1.085597,132.028853,-168.105509,0.899553
1
1
0.000000,0.900000,0.879934,1.085888,132.253624,-168.083897,0.899355
1
1
0.000000,0.900000,0.879757,1.086081,132.560212,-168.069512,0.899221
1
1
0.000000,0.900000,0.879668,1.086177,132.864465,-168.062353,0.899154
1
1
0.000000,0.900000,0.879578,1.086273,133.227448,-168.055208,0.899086
1
1
0.000000,0.900000,0.879578,1.086273,133.691102,-168.055208,0.899086
1
1
0.000000,0.900000,0.879761,1.086085,134.180589,-168.069348,0.899226
1
1
0.000000,0.900000,0.879761,1.086085,134.400237,-168.069348,0.899226
1
1
0.000000,0.900000,0.880036,1.085804,134.358283,-168.090496,0.899436
1
1
0.000000,0.900000,0.880402,1.085428,134.281233,-168.118693,0.899717
1
1
0.000000,0.900000,0.880860,1.084960,134.351739,-168.153898,0.900069
1
1
0.000000,0.900000,0.881410,1.084398,134.464104,-168.196057,0.900493
1
1
0.000000,0.900000,0.882239,1.083559,134.663888,-168.259077,0.901133
1
1
0.000000,0.900000,0.882979,1.082816,134.848358,-168.314911,0.901706
1
1
0.000000,0.900000,0.883995,1.081793,134.847497,-168.391552,0.902495
1
1
0.000000,0.900000,0.885292,1.080496,135.002212,-168.488725,0.903505
1
1
0.000000,0.900000,0.886684,1.079107,135.067445,-168.592524,0.904593
1
1
0.000000,0.900000,0.888261,1.077533,135.062145,-168.709875,0.905829
1
1
0.000000,0.900000,0.889933,1.075869,135.155889,-168.833648,0.907144
1
1
0.000000,0.900000,0.891884,1.073928,135.142720,-168.977611,0.908685
1
1
0.000000,0.900000,0.893834,1.071986,135.133799,-169.121097,0.910230
1
1
0.000000,0.900000,0.895968,1.069856,135.060915,-169.277820,0.911926
1
1
0.000000,0.900000,0.898097,1.067723,134.963523,-169.434147,0.913624
1
1
0.000000,0.900000,0.900313,1.065491,134.804710,-169.596964,0.915397
1
1
0.000000,0.900000,0.902711,1.063069,134.728151,-169.772799,0.917322
1
1
0.000000,0.900000,0.905103,1.060642,134.592425,-169.948171,0.919248
1
1
0.000000,0.900000,0.907577,1.058113,134.373269,-170.129990,0.921247
1
1
0.000000,0.900000,0.910046,1.055578,134.255372,-170.311290,0.923249
1
1
0.000000,0.900000,0.912417,1.053130,134.096012,-170.485446,0.925178
1

received SIGINT Ctrl-C

Exiting Cleanly
